FluorPen ASCII Export File,,,,,,,,,,,,,,,,,,,,,,,,,,,,,,
-----------------------------------,,,,,,,,,,,,,,,,,,,,,,,,,,,,,,
File Name: Untitled - 1,,,,,,,,,,,,,,,,,,,,,,,,,,,,,,
-----------------------------------,,,,,,,,,,,,,,,,,,,,,,,,,,,,,,
,,,,,,,,,,,,,,,,,,,,,,,,,,,,,,
index,Le_c,Le_c,Le_c,262,Ls_c,Ls_c,Ls_c,266,Be_c,Be_c,Be_c,Be_c,271,Bs_c,Bs_c,Bs_c,275,276,277,Je_c,Je_c,Je_c,Jsb_c,Jsb_c,Jsb_c,284,Jsl_c,Jsl_c,Jsl_c,288
time,13:33:13  29.4.2025,13:33:52  29.4.2025,13:34:11  29.4.2025,13:34:37  29.4.2025,13:38:11  29.4.2025,13:38:59  29.4.2025,13:39:34  29.4.2025,13:40:10  29.4.2025,13:53:57  29.4.2025,13:54:35  29.4.2025,13:55:07  29.4.2025,13:55:25  29.4.2025,13:55:44  29.4.2025,13:59:35  29.4.2025,14:00:05  29.4.2025,14:00:28  29.4.2025,14:00:46  29.4.2025,14:05:09  29.4.2025,14:08:25  29.4.2025,14:12:08  29.4.2025,14:12:52  29.4.2025,14:13:28  29.4.2025,14:14:03  29.4.2025,14:14:30  29.4.2025,14:14:49  29.4.2025,14:15:12  29.4.2025,14:18:30  29.4.2025,14:18:48  29.4.2025,14:19:06  29.4.2025,14:19:25  29.4.2025
id,OJIP,OJIP,OJIP,NPQ1,OJIP,OJIP,OJIP,NPQ1,OJIP,OJIP,OJIP,OJIP,NPQ1,OJIP,OJIP,OJIP,NPQ1,NPQ1,NPQ1,OJIP,OJIP,OJIP,OJIP,OJIP,OJIP,NPQ1,OJIP,OJIP,OJIP,NPQ1
11,390,390,390,,390,390,390,,390,390,390,390,,390,390,390,,,,390,390,390,390,390,390,,390,390,390,
21,6469,6404,6794,,8387,9200,8973,,10371,7900,8257,9168,,9070,9070,8615,,,,11118,11248,10566,10923,11313,11476,,11508,11964,10728,
31,6567,6502,6892,,8582,9395,9168,,10663,8095,8420,9363,,9298,9265,8810,,,,11443,11541,10858,11216,11638,11801,,11834,12289,11053,
41,6697,6599,6989,,8777,9655,9395,,10923,8257,8647,9590,,9525,9493,9038,,,,11768,11899,11183,11573,11964,12126,,12191,12646,11346,
51,6794,6697,7119,,8973,9883,9590,,11216,8420,8842,9818,,9753,9720,9265,,,,12126,12224,11476,11899,12321,12484,,12549,12971,11638,
61,6892,6794,7249,,9168,10143,9818,,11508,8647,9038,10045,,10013,9948,9493,,,,12516,12581,11801,12224,12679,12841,,12939,13362,11964,
71,7022,6924,7347,,9363,10403,10013,,11834,8842,9233,10273,,10273,10175,9720,,,,12906,12939,12159,12614,13101,13231,,13329,13752,12321,
81,7152,7054,7477,,9590,10696,10240,,12126,9038,9428,10533,,10533,10468,9980,,,,13297,13329,12516,13004,13492,13622,,13752,14142,12679,
91,7249,7152,7607,,9818,10956,10468,,12451,9265,9655,10826,,10793,10728,10240,,,,13719,13719,12874,13394,13882,14012,,14174,14564,13036,
101,7379,7282,7737,,10013,11248,10696,,12776,9460,9883,11053,,11086,10956,10533,,,,14109,14109,13231,13784,14304,14402,,14597,14955,13427,
111,7477,7379,7835,,10273,11541,10923,,13101,9688,10143,11346,,11378,11248,10826,,,,14532,14499,13589,14207,14759,14792,,15020,15377,13817,
121,7607,7510,7997,,10468,11834,11151,,13427,9948,10371,11606,,11703,11541,11118,,,,14955,14922,13979,14629,15182,15215,,15507,15800,14207,
131,7737,7640,8127,,10696,12094,11378,,13719,10143,10631,11899,,11964,11801,11378,,,,15345,15345,14337,15052,15605,15605,,15930,16190,14597,
141,7835,7737,8257,,10923,12386,11606,,14044,10371,10826,12126,,12289,12094,11703,,,,15767,15735,14727,15442,16027,15995,,16385,16613,14987,
151,7965,7867,8387,,11151,12679,11834,,14369,10598,11086,12419,,12549,12354,11996,,,,16157,16125,15085,15865,16483,16353,,16840,17003,15377,
161,8095,7997,8550,,11411,12971,12061,,14694,10858,11313,12679,,12874,12646,12289,,,,16580,16548,15442,16255,16905,16743,,17295,17425,15735,
171,8225,8127,8680,,11606,13231,12289,,14987,11053,11573,12939,,13166,12939,12581,,,,16970,16938,15767,16678,17328,17133,,17751,17816,16125,
181,8355,8225,8810,,11834,13524,12516,,15280,11281,11801,13199,,13427,13199,12874,,,,17328,17295,16125,17068,17751,17458,,18173,18206,16483,
191,8452,8355,8940,,12061,13784,12711,,15605,11508,12029,13459,,13719,13459,13166,,,,17685,17685,16483,17458,18141,17816,,18596,18596,16873,
201,8582,8485,9103,,12289,14044,12939,,15865,11736,12256,13719,,14012,13752,13427,,,,18076,18043,16775,17848,18531,18173,,19018,18953,17198,
211,8712,8615,9233,,12516,14337,13166,,16157,11964,12484,13979,,14272,14012,13719,,,,18401,18401,17100,18238,18888,18466,,19441,19344,17523,
221,8810,8745,9363,,12711,14564,13362,,16418,12159,12711,14207,,14564,14239,14012,,,,18726,18758,17425,18596,19279,18758,,19831,19669,17881,
231,8940,8842,9525,,12939,14825,13524,,16678,12354,12906,14434,,14825,14499,14272,,,,19083,19116,17718,18921,19636,19083,,20221,20026,18173,
241,9038,8973,9655,,13134,15085,13752,,16970,12581,13134,14662,,15085,14792,14532,,,,19409,19441,18011,19279,19994,19376,,20611,20351,18531,
251,9168,9070,9785,,13329,15345,13947,,17198,12776,13362,14890,,15345,15020,14792,,,,19701,19766,18303,19604,20319,19669,,21002,20676,18823,
261,9265,9200,9915,,13524,15572,14142,,17458,12971,13557,15117,,15572,15247,15020,,,,19994,20059,18596,19929,20676,19961,,21327,21002,19116,
271,9395,9298,10045,,13719,15800,14304,,17718,13134,13752,15345,,15832,15507,15280,,,,20286,20351,18856,20254,21002,20221,,21684,21294,19409,
281,9493,9428,10175,,13914,16027,14499,,17946,13329,13947,15540,,16060,15735,15540,,,,20579,20676,19116,20546,21294,20449,,22042,21587,19701,
291,9590,9558,10305,,14109,16255,14662,,18173,13524,14142,15735,,16320,15962,15767,,,,20839,20969,19376,20839,21587,20676,,22367,21879,19994,
301,9720,9655,10403,,14272,16450,14825,,18401,13687,14304,15930,,16548,16190,15995,,,,21132,21229,19604,21132,21879,20937,,22692,22139,20254,
311,9818,9753,10533,,14467,16678,15020,,18596,13849,14499,16125,,16775,16385,16222,,,,21359,21522,19864,21424,22172,21164,,22985,22400,20514,
321,9915,9850,10663,,14662,16873,15182,,18823,14044,14662,16320,,17003,16613,16450,,,,21619,21782,20091,21684,22465,21392,,23310,22660,20742,
331,10013,9980,10793,,14825,17100,15345,,19018,14207,14825,16515,,17198,16808,16645,,,,21879,22009,20319,21944,22725,21619,,23602,22920,21002,
341,10110,10078,10923,,14987,17295,15475,,19246,14337,15020,16678,,17393,17035,16873,,,,22107,22237,20514,22205,22985,21814,,23863,23147,21262,
351,10208,10175,11021,,15150,17458,15637,,19441,14499,15182,16840,,17620,17230,17068,,,,22335,22497,20742,22432,23245,22042,,24155,23375,21489,
361,10305,10273,11151,,15312,17653,15800,,19604,14662,15345,17035,,17816,17425,17263,,,,22530,22757,20937,22692,23472,22205,,24415,23602,21717,
371,10403,10371,11248,,15475,17848,15930,,19799,14792,15507,17198,,18043,17620,17458,,,,22757,22952,21164,22920,23733,22400,,24675,23830,21944,
381,10501,10468,11378,,15637,18011,16060,,19994,14955,15637,17360,,18206,17783,17653,,,,22952,23180,21359,23147,23960,22595,,24903,24058,22139,
391,10598,10566,11476,,15767,18206,16222,,20156,15085,15800,17523,,18401,17978,17848,,,,23147,23407,21554,23342,24188,22757,,25163,24253,22367,
401,10696,10663,11606,,15930,18368,16353,,20351,15247,15962,17653,,18596,18141,18043,,,,23342,23635,21717,23570,24415,22952,,25391,24480,22562,
411,10793,10761,11703,,16060,18531,16483,,20514,15377,16092,17816,,18758,18336,18206,,,,23537,23798,21912,23765,24610,23115,,25618,24675,22757,
421,10858,10858,11801,,16190,18693,16613,,20676,15475,16222,17978,,18953,18498,18368,,,,23700,23993,22074,23960,24838,23277,,25813,24838,22952,
431,10956,10923,11931,,16320,18856,16743,,20839,15605,16353,18108,,19116,18661,18563,,,,23895,24188,22270,24155,25033,23440,,26041,25033,23147,
441,11053,11053,12029,,16483,19018,16873,,21002,15767,16483,18238,,19311,18856,18726,,,,24058,24383,22432,24350,25228,23602,,26268,25228,23310,
451,11118,11118,12126,,16613,19148,16970,,21164,15865,16613,18401,,19441,19018,18888,,,,24220,24545,22595,24513,25423,23765,,26463,25391,23505,
461,11216,11216,12224,,16743,19311,17100,,21294,15962,16743,18531,,19636,19148,19018,,,,24383,24740,22725,24708,25618,23895,,26626,25586,23668,
471,11281,11281,12321,,16873,19441,17230,,21457,16092,16873,18628,,19799,19311,19181,,,,24545,24903,22887,24870,25813,24058,,26821,25748,23830,
481,11378,11378,12419,,16970,19571,17360,,21587,16222,16970,18758,,19961,19474,19344,,,,24675,25065,23050,25065,25976,24188,,27016,25878,24025,
491,11443,11443,12516,,17100,19734,17458,,21717,16353,17100,18888,,20124,19604,19506,,,,24838,25228,23212,25228,26171,24350,,27179,26041,24155,
501,11508,11508,12581,,17230,19864,17555,,21847,16418,17230,18986,,20254,19766,19636,,,,24968,25391,23310,25391,26333,24480,,27374,26203,24318,
511,11606,11606,12679,,17328,19994,17685,,21977,16548,17328,19116,,20384,19896,19799,,,,25098,25521,23472,25521,26496,24610,,27536,26366,24480,
521,11671,11703,12809,,17458,20124,17783,,22107,16645,17425,19246,,20546,20026,19929,,,,25261,25683,23602,25683,26659,24740,,27699,26496,24643,
531,11736,11768,12874,,17555,20254,17881,,22237,16743,17555,19344,,20676,20189,20059,,,,25391,25846,23733,25846,26821,24870,,27829,26626,24773,
541,11801,11834,12971,,17685,20384,17978,,22400,16873,17653,19441,,20839,20319,20189,,,,25521,25976,23863,25976,26951,25000,,27991,26789,24903,
551,11899,11899,13036,,17783,20514,18076,,22497,16938,17751,19571,,20969,20449,20319,,,,25651,26106,23993,26138,27146,25098,,28154,26919,25065,
561,11964,11996,13134,,17913,20644,18173,,22627,17035,17848,19669,,21099,20579,20449,,,,25748,26236,24123,26268,27276,25228,,28317,27081,25196,
571,12029,12061,13231,,17978,20742,18271,,22757,17133,17946,19766,,21229,20676,20579,,,,25878,26366,24253,26366,27406,25358,,28447,27179,25326,
581,12094,12126,13297,,18076,20839,18368,,22887,17198,18043,19896,,21359,20839,20709,,,,26008,26496,24383,26496,27569,25456,,28577,27309,25456,
591,12159,12191,13394,,18173,20969,18433,,22985,17295,18141,19994,,21489,20937,20839,,,,26106,26594,24480,26626,27699,25553,,28707,27439,25586,
601,12224,12289,13459,,18271,21067,18531,,23082,17393,18238,20091,,21619,21067,20937,,,,26236,26724,24578,26756,27829,25683,,28837,27569,25716,
611,12289,12354,13557,,18368,21197,18628,,23180,17458,18336,20156,,21749,21197,21067,,,,26333,26854,24708,26886,27959,25781,,28967,27699,25846,
1021,14239,14402,15930,,21099,24220,21197,,26138,19961,20969,22855,,25326,24610,24415,,,,29162,29910,27796,30105,31600,28707,,32250,31015,29194,
1121,14564,14792,16320,,21522,24675,21587,,26594,20351,21424,23310,,25911,25196,24968,,,,29585,30397,28252,30592,32153,29162,,32706,31503,29682,
1221,14890,15117,16710,,21912,25098,21944,,27016,20709,21814,23668,,26398,25683,25423,,,,29942,30755,28642,30950,32576,29519,,33096,31925,30105,
1321,15150,15377,17003,,22205,25456,22270,,27309,21034,22139,24025,,26854,26138,25813,,,,30235,31080,28967,31308,32966,29845,,33388,32315,30462,
1421,15377,15637,17295,,22497,25716,22530,,27601,21294,22400,24285,,27244,26496,26171,,,,30462,31340,29292,31568,33258,30105,,33681,32641,30755,
1521,15605,15865,17523,,22725,25976,22757,,27829,21554,22660,24545,,27569,26854,26463,,,,30657,31600,29519,31763,33518,30332,,33876,32933,31015,
1621,15767,16060,17751,,22952,26138,22985,,28056,21749,22887,24740,,27861,27146,26724,,,,30852,31795,29747,31958,33713,30527,,34071,33193,31243,
1721,15930,16255,17946,,23115,26333,23147,,28219,21944,23082,24968,,28122,27406,26984,,,,31015,31958,29942,32120,33908,30722,,34201,33421,31438,
1821,16092,16418,18108,,23245,26496,23277,,28349,22074,23277,25098,,28317,27601,27146,,,,31145,32120,30105,32250,34071,30885,,34331,33648,31600,
1921,16222,16548,18271,,23407,26626,23440,,28479,22237,23407,25228,,28512,27829,27309,,,,31275,32218,30267,32380,34201,31048,,34461,33843,31763,
2021,16353,16678,18401,,23505,26724,23537,,28577,22335,23537,25391,,28674,27991,27471,,,,31373,32348,30430,32478,34364,31243,,34559,34006,31893,
2121,16450,16775,18531,,23602,26821,23635,,28674,22465,23668,25488,,28837,28154,27569,,,,31470,32445,30560,32608,34494,31373,,34624,34201,32023,
2221,16548,16905,18628,,23668,26919,23733,,28739,22562,23765,25586,,28967,28284,27666,,,,31568,32511,30690,32706,34624,31535,,34721,34396,32185,
2321,16645,17003,18726,,23733,26984,23830,,28804,22627,23863,25683,,29064,28414,27796,,,,31633,32608,30787,32803,34754,31698,,34786,34559,32315,
2421,16710,17100,18823,,23798,27016,23895,,28869,22692,23928,25748,,29162,28479,27861,,,,31698,32673,30917,32901,34916,31860,,34819,34721,32445,
2521,16775,17165,18921,,23863,27081,23960,,28934,22790,24025,25813,,29259,28577,27926,,,,31795,32738,31015,32998,35046,32023,,34884,34916,32576,
2621,16840,17230,18986,,23895,27146,24025,,28967,22822,24090,25911,,29324,28642,28024,,,,31860,32771,31145,33096,35176,32218,,34949,35111,32673,
2721,16905,17295,19051,,23960,27211,24090,,28999,22887,24155,25943,,29389,28739,28089,,,,31925,32836,31243,33226,35339,32380,,35014,35274,32836,
2821,16970,17360,19083,,23993,27244,24123,,29064,22952,24220,26008,,29454,28804,28122,,,,31990,32901,31373,33323,35502,32543,,35079,35469,32966,
2921,17003,17425,19181,,24025,27309,24155,,29097,23017,24253,26073,,29519,28837,28187,,,,32055,32933,31470,33453,35664,32738,,35144,35632,33096,
3021,17068,17490,19246,,24058,27341,24188,,29129,23050,24285,26106,,29552,28869,28252,,,,32088,32998,31568,33551,35859,32901,,35209,35794,33258,
3121,17100,17523,19279,,24090,27374,24253,,29162,23082,24350,26171,,29617,28934,28284,,,,32153,33031,31665,33681,36022,33096,,35274,35989,33388,
3221,17133,17588,19311,,24155,27439,24285,,29227,23147,24383,26203,,29650,28999,28317,,,,32218,33096,31763,33811,36184,33291,,35371,36184,33518,
3321,17198,17653,19376,,24155,27504,24318,,29259,23180,24415,26236,,29715,28999,28382,,,,32315,33128,31893,33908,36379,33518,,35436,36347,33713,
3421,17230,17653,19441,,24188,27536,24350,,29259,23212,24448,26301,,29747,29032,28447,,,,32348,33193,31990,34071,36574,33681,,35502,36542,33843,
3521,17263,17718,19474,,24253,27569,24383,,29324,23277,24480,26333,,29780,29064,28479,,,,32445,33226,32120,34234,36802,33876,,35599,36704,34006,
3621,17295,17751,19506,,24253,27634,24415,,29357,23310,24513,26398,,29812,29097,28512,,,,32478,33291,32218,34364,36965,34104,,35664,36899,34169,
3721,17328,17783,19571,,24285,27666,24448,,29357,23342,24545,26431,,29845,29129,28577,,,,32543,33356,32315,34494,37192,34299,,35762,37062,34331,
3821,17360,17816,19604,,24318,27731,24480,,29422,23407,24610,26463,,29877,29162,28642,,,,32641,33388,32445,34656,37387,34494,,35827,37257,34494,
3921,17393,17881,19636,,24350,27764,24513,,29454,23440,24643,26528,,29942,29194,28674,,,,32706,33453,32543,34819,37615,34721,,35924,37452,34656,
4021,17425,17913,19701,,24383,27829,24545,,29487,23472,24675,26561,,29975,29194,28739,,,,32771,33486,32641,34949,37810,34916,,36022,37615,34819,
4121,17425,17913,19734,,24415,27894,24578,,29552,23537,24708,26626,,30007,29227,28772,,,,32836,33551,32771,35111,38005,35111,,36087,37810,34981,
4221,17490,17978,19766,,24448,27926,24610,,29585,23570,24740,26659,,30040,29227,28837,,,,32901,33616,32868,35274,38200,35306,,36184,37972,35144,
4321,17523,18011,19831,,24513,27991,24643,,29617,23602,24773,26724,,30072,29259,28902,,,,32966,33681,32998,35436,38428,35502,,36282,38167,35306,
4421,17523,18043,19864,,24513,28056,24675,,29650,23668,24805,26756,,30105,29259,28934,,,,33063,33746,33096,35567,38623,35697,,36379,38330,35469,
4521,17555,18076,19929,,24578,28122,24708,,29715,23700,24838,26789,,30137,29292,29032,,,,33128,33811,33193,35729,38850,35892,,36477,38493,35599,
4621,17588,18108,19961,,24610,28187,24740,,29747,23733,24870,26854,,30202,29324,29064,,,,33193,33843,33291,35859,39045,36087,,36574,38655,35762,
4721,17620,18141,19994,,24643,28219,24805,,29812,23798,24903,26886,,30235,29324,29129,,,,33258,33908,33421,36022,39240,36282,,36672,38818,35924,
4821,17653,18173,20026,,24675,28284,24838,,29845,23830,24968,26919,,30267,29357,29227,,,,33323,33941,33518,36184,39435,36444,,36769,38948,36087,
4921,17685,18173,20091,,24708,28349,24838,,29877,23895,25000,26984,,30332,29389,29292,,,,33421,34039,33648,36314,39630,36639,,36867,39110,36249,
5021,17685,18238,20124,,24773,28414,24903,,29910,23928,25033,27016,,30365,29389,29357,,,,33486,34071,33746,36477,39825,36802,,36932,39273,36379,
5121,17718,18271,20156,,24805,28479,24935,,29975,23993,25065,27081,,30397,29422,29389,,,,33551,34169,33843,36639,40021,36965,,37030,39435,36542,
5221,17751,18303,20221,,24838,28544,24968,,30040,24025,25098,27146,,30430,29454,29454,,,,33616,34201,33941,36737,40183,37127,,37127,39565,36672,
5321,17783,18303,20254,,24903,28609,25000,,30105,24058,25163,27179,,30462,29487,29519,,,,33681,34266,34071,36899,40378,37290,,37225,39728,36834,
5421,17783,18368,20286,,24903,28642,25000,,30137,24123,25196,27244,,30527,29487,29585,,,,33746,34331,34136,37030,40541,37452,,37322,39858,36965,
5521,17848,18401,20319,,25000,28707,25065,,30170,24188,25228,27276,,30560,29519,29650,,,,33843,34396,34266,37160,40736,37615,,37420,39988,37095,
5621,17848,18401,20384,,25000,28772,25098,,30235,24220,25261,27341,,30625,29552,29747,,,,33908,34461,34364,37290,40898,37777,,37517,40118,37225,
5721,17881,18466,20416,,25065,28837,25131,,30300,24285,25293,27374,,30657,29585,29780,,,,33973,34494,34429,37452,41028,37907,,37615,40248,37355,
5821,17913,18466,20481,,25098,28869,25163,,30332,24285,25326,27439,,30722,29585,29877,,,,34039,34559,34526,37582,41223,38070,,37680,40378,37485,
5921,17946,18498,20514,,25131,28934,25196,,30397,24350,25391,27504,,30755,29650,29942,,,,34104,34624,34624,37680,41386,38200,,37745,40508,37615,
6021,17978,18531,20546,,25196,28999,25228,,30430,24415,25423,27536,,30787,29650,30007,,,,34136,34721,34754,37810,41516,38330,,37842,40606,37712,
6121,18011,18563,20611,,25228,29064,25261,,30495,24448,25456,27601,,30852,29682,30072,,,,34234,34754,34819,37940,41679,38460,,37940,40736,37842,
6221,18011,18596,20644,,25261,29129,25326,,30560,24480,25488,27634,,30917,29715,30170,,,,34299,34819,34916,38070,41809,38590,,38005,40866,37940,
6321,18043,18628,20709,,25326,29194,25326,,30592,24545,25521,27699,,30950,29747,30235,,,,34331,34884,35014,38167,41971,38720,,38102,40963,38037,
6421,18076,18661,20742,,25358,29259,25358,,30657,24578,25553,27731,,31015,29780,30300,,,,34396,34916,35079,38265,42101,38850,,38200,41061,38167,
6521,18108,18693,20774,,25391,29324,25391,,30722,24643,25618,27796,,31080,29812,30365,,,,34461,34981,35176,38362,42231,38980,,38265,41158,38297,
6621,18141,18726,20839,,25456,29389,25456,,30755,24675,25651,27829,,31113,29845,30462,,,,34526,35046,35274,38460,42361,39078,,38330,41256,38395,
6721,18141,18758,20872,,25488,29454,25488,,30820,24740,25716,27894,,31145,29845,30527,,,,34591,35079,35371,38590,42491,39208,,38395,41386,38493,
6821,18173,18758,20904,,25553,29487,25521,,30852,24773,25748,27926,,31210,29877,30592,,,,34624,35144,35436,38688,42621,39338,,38493,41451,38558,
6921,18206,18791,20969,,25586,29552,25553,,30917,24805,25781,27991,,31243,29910,30690,,,,34689,35209,35534,38785,42751,39435,,38558,41549,38688,
7021,18238,18823,21002,,25618,29617,25586,,30950,24838,25813,28024,,31308,29942,30722,,,,34754,35241,35599,38883,42882,39565,,38623,41646,38785,
7121,18271,18856,21067,,25683,29682,25618,,31015,24903,25846,28089,,31340,29975,30820,,,,34786,35306,35664,38948,42979,39630,,38688,41744,38850,
7221,18271,18888,21099,,25716,29747,25651,,31080,24968,25911,28122,,31405,30007,30917,,,,34851,35339,35762,39078,43109,39760,,38753,41841,38948,
7321,18303,18921,21132,,25748,29780,25683,,31145,25000,25943,28187,,31470,30040,30950,,,,34916,35404,35859,39143,43207,39858,,38818,41906,39013,
7421,18336,18953,21164,,25781,29845,25716,,31178,25033,25976,28219,,31503,30072,31048,,,,34949,35469,35892,39240,43304,39923,,38883,42004,39110,
7521,18368,18986,21229,,25813,29910,25748,,31210,25065,26008,28284,,31568,30105,31113,,,,35014,35502,35989,39338,43434,40021,,38948,42101,39208,
7621,18401,18986,21262,,25878,29975,25781,,31275,25131,26041,28317,,31600,30137,31178,,,,35046,35567,36087,39403,43532,40118,,39013,42134,39273,
7721,18401,19051,21327,,25911,30040,25813,,31340,25163,26073,28382,,31665,30170,31243,,,,35111,35599,36119,39500,43662,40216,,39078,42231,39338,
7821,18433,19051,21359,,25976,30072,25846,,31373,25196,26106,28414,,31730,30202,31340,,,,35144,35664,36217,39565,43759,40313,,39110,42296,39435,
7921,18466,19116,21392,,26008,30137,25878,,31405,25261,26171,28447,,31763,30235,31405,,,,35209,35697,36282,39630,43824,40411,,39175,42361,39500,
8021,18466,19116,21457,,26041,30202,25911,,31470,25293,26203,28512,,31828,30267,31470,,,,35241,35729,36347,39728,43922,40476,,39240,42459,39565,
8121,18531,19148,21489,,26073,30267,25943,,31535,25358,26236,28544,,31860,30300,31535,,,,35306,35794,36412,39793,44052,40573,,39305,42524,39663,
8221,18531,19181,21522,,26138,30300,25976,,31568,25358,26268,28609,,31925,30332,31633,,,,35339,35859,36477,39891,44149,40671,,39338,42589,39728,
8321,18563,19181,21587,,26171,30365,26008,,31633,25423,26301,28642,,31990,30365,31698,,,,35371,35892,36542,39956,44214,40768,,39403,42686,39825,
8421,18596,19246,21619,,26203,30397,26041,,31665,25456,26333,28674,,32023,30397,31763,,,,35404,35924,36639,40021,44312,40833,,39468,42719,39891,
8521,18628,19279,21652,,26236,30462,26073,,31698,25488,26366,28739,,32088,30430,31828,,,,35469,35989,36704,40086,44410,40931,,39533,42816,39956,
8621,18661,19279,21684,,26268,30527,26073,,31763,25553,26431,28772,,32120,30462,31893,,,,35502,36022,36769,40183,44507,40996,,39565,42882,39988,
8721,18661,19311,21749,,26333,30592,26106,,31795,25586,26431,28804,,32153,30495,31958,,,,35534,36054,36834,40248,44605,41093,,39598,42914,40053,
8821,18693,19344,21782,,26366,30625,26171,,31860,25618,26496,28837,,32218,30527,32023,,,,35567,36087,36899,40313,44702,41158,,39663,43012,40151,
8921,18726,19376,21814,,26431,30690,26203,,31925,25651,26528,28902,,32250,30560,32088,,,,35632,36152,36965,40378,44767,41256,,39728,43077,40216,
9021,18726,19409,21879,,26431,30722,26203,,31958,25683,26561,28934,,32315,30592,32153,,,,35664,36184,37030,40443,44865,41321,,39760,43109,40281,
9121,18758,19441,21912,,26496,30787,26236,,31990,25716,26594,28999,,32348,30592,32218,,,,35697,36217,37095,40508,44962,41386,,39825,43207,40346,
9221,18791,19441,21944,,26528,30820,26268,,32055,25781,26626,29032,,32413,30657,32283,,,,35729,36282,37127,40573,45027,41484,,39858,43272,40411,
9321,18823,19474,21977,,26561,30885,26301,,32088,25813,26659,29064,,32478,30690,32380,,,,35762,36314,37192,40638,45125,41549,,39891,43337,40443,
9421,18823,19506,22042,,26594,30950,26333,,32120,25846,26691,29129,,32478,30690,32413,,,,35794,36347,37290,40703,45222,41646,,39956,43369,40508,
9521,18856,19539,22042,,26626,31015,26366,,32185,25878,26724,29129,,32543,30722,32478,,,,35827,36379,37322,40768,45287,41711,,39988,43434,40606,
9621,18888,19539,22107,,26691,31048,26398,,32218,25911,26756,29194,,32576,30755,32543,,,,35859,36412,37387,40833,45385,41776,,40021,43499,40671,
9721,18921,19571,22139,,26724,31113,26431,,32250,25943,26789,29227,,32608,30787,32608,,,,35924,36444,37452,40898,45482,41841,,40086,43564,40703,
9821,18921,19604,22172,,26756,31145,26431,,32315,25976,26821,29292,,32673,30820,32673,,,,35924,36509,37517,40931,45547,41939,,40118,43629,40768,
9921,18953,19636,22205,,26789,31210,26463,,32348,26041,26854,29324,,32706,30852,32738,,,,35989,36542,37582,41028,45612,42004,,40183,43694,40833,
10021,18986,19669,22270,,26821,31243,26496,,32380,26041,26886,29324,,32771,30885,32803,,,,36022,36574,37647,41061,45710,42101,,40216,43727,40898,
10121,18986,19669,22270,,26854,31308,26528,,32445,26106,26919,29389,,32803,30917,32868,,,,36054,36607,37712,41158,45808,42166,,40248,43792,40963,
10221,19018,19701,22335,,26886,31373,26528,,32445,26106,26951,29422,,32868,30917,32901,,,,36087,36639,37745,41191,45873,42231,,40281,43889,41028,
10321,19018,19701,22335,,26919,31405,26594,,32511,26138,26984,29454,,32901,30950,32998,,,,36119,36672,37810,41256,45970,42329,,40346,43922,41093,
10421,19083,19766,22400,,26951,31438,26594,,32543,26171,27016,29487,,32901,30982,33031,,,,36152,36737,37875,41321,46035,42394,,40378,43987,41126,
10521,19083,19766,22432,,26984,31503,26626,,32608,26236,27049,29552,,32966,31015,33096,,,,36184,36769,37940,41353,46133,42459,,40411,44019,41191,
10621,19116,19799,22465,,27049,31535,26659,,32641,26268,27049,29585,,32998,31015,33128,,,,36217,36769,37972,41419,46198,42524,,40443,44084,41256,
10721,19116,19831,22497,,27081,31600,26659,,32673,26301,27114,29617,,33063,31048,33193,,,,36249,36802,38037,41484,46295,42589,,40508,44149,41321,
10821,19148,19831,22530,,27114,31633,26691,,32738,26333,27114,29650,,33096,31080,33258,,,,36282,36867,38102,41581,46360,42686,,40541,44214,41386,
10921,19181,19896,22562,,27146,31698,26724,,32738,26366,27146,29682,,33128,31113,33323,,,,36314,36899,38167,41614,46425,42784,,40573,44247,41451,
11021,19181,19896,22595,,27179,31730,26756,,32803,26398,27179,29715,,33161,31145,33356,,,,36347,36899,38200,41679,46523,42816,,40606,44312,41484,
11121,19214,19896,22627,,27211,31763,26756,,32836,26398,27179,29747,,33193,31145,33421,,,,36379,36965,38265,41744,46620,42914,,40638,44377,41549,
11221,19214,19929,22692,,27244,31828,26789,,32868,26431,27244,29780,,33258,31178,33486,,,,36412,36965,38297,41809,46685,42979,,40703,44442,41614,
11321,19246,19961,22692,,27276,31860,26821,,32901,26463,27276,29812,,33258,31210,33518,,,,36444,37030,38362,41841,46750,43044,,40736,44507,41679,
11421,19279,19994,22757,,27309,31925,26821,,32933,26496,27276,29845,,33291,31243,33583,,,,36477,37030,38428,41906,46815,43077,,40768,44540,41711,
11521,19279,19994,22790,,27341,31958,26854,,32998,26528,27341,29877,,33323,31243,33648,,,,36509,37095,38460,41971,46945,43174,,40801,44605,41776,
11621,19279,20026,22822,,27374,31990,26886,,32998,26561,27341,29910,,33356,31275,33648,,,,36509,37127,38525,42004,47010,43239,,40833,44670,41841,
11721,19311,20059,22855,,27406,32055,26886,,33063,26594,27374,29942,,33388,31308,33746,,,,36574,37160,38590,42101,47075,43304,,40866,44735,41906,
11821,19344,20059,22887,,27439,32088,26919,,33096,26626,27406,29975,,33453,31308,33778,,,,36574,37192,38655,42134,47173,43402,,40898,44800,41971,
11921,19376,20091,22887,,27471,32120,26951,,33128,26659,27439,30007,,33486,31340,33843,,,,36607,37225,38688,42199,47205,43467,,40963,44832,42004,
12021,19376,20091,22952,,27471,32185,26951,,33161,26691,27471,30040,,33518,31373,33876,,,,36639,37225,38753,42264,47303,43532,,40996,44897,42069,
12121,19409,20124,22952,,27536,32218,26984,,33193,26724,27471,30072,,33551,31373,33908,,,,36672,37257,38785,42296,47368,43597,,41028,44962,42134,
12221,19409,20156,22985,,27536,32250,27016,,33226,26724,27504,30105,,33583,31405,33973,,,,36704,37290,38850,42361,47466,43662,,41061,44995,42166,
12321,19441,20156,23050,,27569,32315,27016,,33258,26789,27536,30137,,33616,31405,34006,,,,36737,37322,38915,42426,47531,43727,,41093,45060,42231,
12421,19474,20189,23082,,27601,32348,27049,,33291,26789,27569,30170,,33648,31438,34071,,,,36737,37355,38948,42459,47596,43824,,41126,45092,42296,
12521,19474,20189,23082,,27634,32380,27081,,33323,26821,27569,30202,,33681,31438,34104,,,,36769,37387,38980,42524,47693,43889,,41158,45157,42329,
12621,19506,20221,23147,,27666,32413,27081,,33356,26854,27601,30235,,33713,31470,34136,,,,36802,37420,39045,42589,47758,43954,,41191,45190,42394,
12721,19506,20221,23147,,27699,32478,27081,,33388,26886,27634,30267,,33713,31503,34201,,,,36834,37452,39110,42621,47823,44019,,41223,45255,42426,
12821,19539,20254,23180,,27731,32511,27114,,33421,26886,27666,30300,,33746,31503,34234,,,,36867,37485,39143,42654,47888,44084,,41256,45287,42491,
12921,19539,20286,23212,,27764,32576,27146,,33453,26919,27699,30332,,33778,31503,34299,,,,36899,37485,39175,42719,47986,44149,,41288,45352,42556,
13021,19539,20286,23245,,27764,32608,27146,,33486,26951,27699,30332,,33811,31535,34331,,,,36932,37517,39240,42784,48051,44214,,41321,45417,42589,
13121,19571,20319,23277,,27796,32641,27179,,33518,26984,27731,30365,,33843,31535,34364,,,,36932,37550,39273,42849,48116,44279,,41353,45482,42654,
13221,19571,20319,23310,,27829,32673,27179,,33551,27016,27764,30397,,33876,31535,34396,,,,36965,37550,39305,42849,48181,44345,,41419,45515,42686,
13321,19604,20351,23342,,27861,32706,27211,,33583,27016,27764,30430,,33876,31568,34461,,,,36997,37615,39403,42914,48278,44410,,41419,45547,42751,
13421,19636,20351,23342,,27894,32738,27211,,33616,27049,27796,30462,,33908,31600,34494,,,,37030,37615,39435,42979,48343,44475,,41451,45612,42784,
13521,19669,20384,23407,,27926,32803,27211,,33648,27081,27829,30462,,33941,31600,34526,,,,37062,37647,39468,43044,48376,44540,,41516,45645,42849,
13621,19636,20384,23407,,27959,32803,27244,,33681,27114,27829,30495,,33973,31633,34591,,,,37062,37680,39500,43077,48441,44605,,41516,45710,42914,
13721,19669,20416,23440,,27959,32868,27276,,33713,27114,27861,30527,,34006,31633,34624,,,,37095,37712,39565,43142,48506,44637,,41549,45775,42979,
13821,19701,20416,23472,,27991,32901,27276,,33713,27146,27861,30560,,34006,31633,34656,,,,37127,37745,39598,43174,48603,44735,,41581,45808,43012,
13921,19701,20449,23505,,28024,32933,27309,,33746,27179,27894,30592,,34039,31665,34689,,,,37160,37745,39663,43207,48668,44800,,41614,45840,43044,
15321,19929,20644,23830,,28349,33421,27471,,34169,27471,28187,30885,,34331,31795,35176,,,,37452,38070,40216,43824,49481,45612,,42004,46490,43694,
16321,20059,20774,24058,,28577,33713,27569,,34396,27666,28349,31113,,34494,31828,35469,,,,37647,38232,40541,44247,50001,46100,,42264,46880,44084,
17321,20156,20872,24220,,28739,33973,27666,,34624,27829,28479,31308,,34624,31893,35762,,,,37842,38428,40866,44572,50489,46555,,42491,47173,44410,
18321,20254,20969,24415,,28934,34234,27731,,34819,27991,28609,31438,,34721,31893,35957,,,,37972,38558,41126,44865,50879,47010,,42686,47498,44702,
19321,20351,21067,24578,,29064,34429,27796,,35014,28122,28707,31568,,34786,31893,36152,,,,38070,38688,41353,45157,51237,47336,,42849,47726,44962,
20321,20416,21132,24708,,29194,34591,27829,,35176,28219,28804,31665,,34884,31893,36314,,,,38200,38753,41516,45352,51497,47628,,42979,47953,45190,
21321,20514,21197,24805,,29324,34786,27894,,35306,28349,28902,31795,,34916,31893,36477,,,,38297,38850,41711,45580,51757,47921,,43109,48148,45352,
22321,20546,21229,24935,,29454,34916,27926,,35436,28447,28967,31893,,34949,31893,36607,,,,38330,38915,41841,45775,51985,48181,,43207,48343,45515,
23321,20611,21262,25033,,29552,35046,27959,,35567,28512,29032,31958,,34981,31828,36704,,,,38395,38948,41939,45938,52147,48376,,43304,48473,45645,
24321,20676,21294,25131,,29650,35176,27991,,35664,28577,29064,32023,,35014,31828,36802,,,,38428,38980,42036,46068,52342,48603,,43402,48636,45808,
25321,20709,21359,25196,,29715,35274,28024,,35762,28674,29129,32088,,35046,31795,36899,,,,38493,39045,42134,46198,52505,48766,,43499,48733,45938,
26321,20774,21359,25293,,29780,35371,28056,,35859,28707,29162,32153,,35046,31763,36965,,,,38525,39045,42231,46328,52635,48929,,43564,48864,46035,
27321,20807,21392,25358,,29845,35502,28089,,35957,28772,29194,32185,,35079,31763,37030,,,,38558,39078,42296,46458,52797,49124,,43629,48994,46133,
28321,20839,21424,25423,,29942,35567,28122,,36022,28804,29227,32250,,35079,31730,37095,,,,38590,39110,42329,46588,52895,49286,,43727,49124,46230,
29321,20872,21457,25488,,29975,35664,28187,,36087,28869,29259,32283,,35111,31730,37160,,,,38623,39143,42394,46718,53057,49449,,43792,49221,46328,
30321,20904,21457,25586,,30040,35729,28219,,36152,28902,29292,32348,,35144,31730,37257,,,,38623,39175,42459,46848,53188,49611,,43857,49351,46425,
31321,20937,21522,25651,,30072,35794,28284,,36217,28934,29292,32348,,35176,31730,37290,,,,38655,39175,42491,46978,53350,49741,,43954,49481,46555,
32321,20969,21554,25683,,30137,35892,28317,,36282,28967,29324,32380,,35209,31763,37355,,,,38688,39208,42556,47108,53480,49936,,44019,49611,46653,
33321,21002,21587,25748,,30170,35957,28382,,36347,28999,29324,32413,,35241,31795,37420,,,,38753,39240,42621,47270,53643,50099,,44149,49741,46783,
34321,21034,21619,25813,,30235,36054,28447,,36379,29032,29357,32445,,35306,31828,37485,,,,38753,39273,42654,47401,53805,50262,,44247,49904,46913,
35321,21067,21652,25878,,30267,36119,28512,,36444,29064,29357,32478,,35339,31860,37550,,,,38818,39305,42719,47563,54000,50424,,44345,50034,47075,
36321,21099,21684,25976,,30332,36184,28609,,36509,29129,29389,32511,,35404,31925,37615,,,,38850,39338,42784,47726,54195,50652,,44442,50229,47205,
37321,21132,21717,26008,,30365,36249,28674,,36542,29129,29422,32543,,35469,31990,37680,,,,38915,39403,42816,47921,54390,50847,,44572,50392,47368,
38321,21164,21782,26073,,30430,36347,28772,,36607,29162,29422,32576,,35567,32055,37745,,,,38948,39468,42914,48116,54585,51042,,44702,50587,47531,
39321,21197,21814,26171,,30462,36444,28869,,36672,29194,29454,32608,,35632,32185,37842,,,,39045,39533,42947,48343,54813,51237,,44832,50782,47693,
40321,21229,21879,26236,,30527,36509,28967,,36704,29227,29454,32641,,35729,32250,37940,,,,39078,39565,43044,48571,55041,51497,,44995,51009,47888,
41321,21262,21944,26333,,30560,36607,29064,,36802,29259,29454,32673,,35827,32348,38005,,,,39175,39630,43077,48766,55301,51725,,45157,51237,48083,
42321,21294,21977,26398,,30625,36672,29162,,36834,29292,29487,32706,,35957,32478,38102,,,,39240,39695,43174,49026,55561,51952,,45320,51432,48311,
43321,21327,22042,26496,,30690,36802,29292,,36899,29324,29519,32771,,36087,32608,38200,,,,39338,39793,43272,49286,55853,52212,,45482,51692,48538,
44321,21392,22139,26594,,30755,36899,29422,,36932,29357,29519,32803,,36217,32771,38330,,,,39435,39891,43369,49546,56113,52472,,45677,51952,48766,
45321,21424,22205,26659,,30787,36997,29552,,37030,29357,29552,32836,,36347,32901,38428,,,,39533,40021,43434,49806,56439,52732,,45873,52212,49026,
46321,21489,22270,26789,,30852,37127,29682,,37062,29422,29585,32868,,36509,33096,38558,,,,39663,40118,43532,50099,56764,53025,,46035,52472,49286,
47321,21554,22367,26854,,30917,37225,29812,,37160,29454,29617,32933,,36672,33258,38688,,,,39760,40216,43629,50359,57056,53285,,46230,52732,49546,
48321,21587,22432,26984,,30982,37322,29975,,37225,29487,29650,32966,,36834,33421,38818,,,,39891,40313,43759,50684,57381,53578,,46458,53025,49806,
49321,21652,22530,27081,,31080,37452,30105,,37290,29519,29682,33031,,36997,33616,38948,,,,40021,40443,43889,50977,57707,53870,,46653,53318,50099,
50321,21717,22627,27211,,31145,37582,30267,,37355,29552,29715,33063,,37192,33811,39110,,,,40183,40573,44019,51302,58064,54163,,46880,53610,50359,
51321,21782,22725,27309,,31210,37680,30397,,37452,29617,29747,33128,,37387,34039,39273,,,,40313,40736,44117,51594,58389,54455,,47108,53903,50684,
52321,21847,22822,27439,,31308,37810,30560,,37517,29650,29780,33193,,37582,34234,39435,,,,40476,40866,44247,51920,58714,54748,,47336,54228,50977,
53321,21912,22952,27569,,31373,37940,30722,,37615,29715,29845,33258,,37810,34461,39598,,,,40606,41028,44410,52212,59072,55073,,47531,54520,51302,
54321,21977,23050,27699,,31470,38102,30885,,37712,29780,29877,33291,,38005,34689,39793,,,,40768,41158,44540,52537,59397,55366,,47791,54813,51594,
55321,22074,23147,27829,,31568,38232,31048,,37777,29812,29910,33388,,38200,34949,39956,,,,40963,41321,44670,52830,59755,55658,,48018,55138,51887,
56321,22139,23245,27959,,31633,38362,31210,,37875,29877,29975,33453,,38460,35176,40151,,,,41093,41484,44832,53155,60080,55951,,48246,55431,52212,
57321,22237,23375,28089,,31763,38525,31340,,37972,29942,30007,33518,,38655,35404,40346,,,,41321,41679,44962,53448,60437,56244,,48473,55723,52505,
58321,22302,23505,28219,,31860,38655,31503,,38070,29975,30072,33616,,38915,35632,40541,,,,41484,41809,45157,53773,60763,56569,,48701,56048,52830,
59321,22367,23635,28349,,31958,38818,31665,,38167,30072,30105,33681,,39143,35859,40768,,,,41679,42004,45320,54065,61088,56861,,48929,56341,53122,
60321,22465,23733,28512,,32055,38948,31828,,38265,30137,30170,33778,,39370,36119,40996,,,,41841,42199,45450,54358,61380,57121,,49156,56634,53415,
61321,22562,23863,28642,,32185,39110,31958,,38362,30202,30235,33876,,39598,36347,41191,,,,42036,42361,45645,54650,61705,57414,,49384,56959,53708,
62321,22660,23993,28772,,32283,39273,32120,,38460,30267,30300,33973,,39825,36607,41419,,,,42231,42556,45808,54943,62030,57707,,49611,57219,54033,
63321,22757,24123,28934,,32413,39403,32283,,38590,30365,30365,34071,,40053,36834,41646,,,,42394,42751,45970,55203,62291,57967,,49806,57511,54325,
64321,22855,24253,29064,,32511,39533,32413,,38688,30430,30430,34169,,40281,37062,41906,,,,42621,42947,46165,55496,62583,58259,,50034,57804,54585,
65321,22952,24383,29227,,32608,39728,32543,,38818,30527,30527,34266,,40508,37290,42101,,,,42784,43142,46328,55756,62843,58519,,50262,58064,54878,
66321,23050,24480,29357,,32738,39858,32706,,38915,30592,30592,34396,,40736,37517,42361,,,,42979,43337,46523,56016,63136,58779,,50457,58324,55138,
67321,23147,24610,29487,,32868,40021,32836,,39013,30690,30690,34494,,40963,37745,42589,,,,43174,43499,46685,56276,63396,59039,,50652,58584,55398,
68321,23245,24740,29617,,32966,40183,32966,,39143,30787,30755,34591,,41191,37972,42849,,,,43369,43694,46848,56504,63656,59267,,50847,58844,55658,
69321,23342,24838,29747,,33096,40313,33096,,39273,30885,30852,34721,,41386,38200,43077,,,,43564,43889,47043,56731,63884,59527,,51074,59105,55918,
70321,23440,25000,29877,,33226,40476,33226,,39370,30982,30950,34851,,41614,38395,43337,,,,43759,44084,47205,56959,64111,59755,,51237,59332,56179,
71321,23537,25065,30040,,33356,40606,33323,,39533,31080,31015,34981,,41809,38623,43597,,,,43922,44279,47401,57186,64339,59982,,51432,59560,56406,
72321,23668,25228,30137,,33486,40768,33453,,39630,31178,31113,35111,,42036,38850,43824,,,,44117,44442,47563,57381,64566,60210,,51627,59787,56634,
73321,23765,25326,30300,,33583,40931,33583,,39760,31275,31210,35241,,42231,39013,44052,,,,44312,44637,47758,57609,64761,60437,,51790,60015,56829,
74321,23863,25423,30397,,33713,41061,33681,,39891,31405,31340,35371,,42426,39240,44312,,,,44475,44800,47921,57804,64956,60665,,51952,60242,57056,
75321,23960,25553,30560,,33843,41191,33811,,39988,31535,31438,35502,,42589,39403,44540,,,,44637,44995,48083,57999,65152,60828,,52147,60437,57251,
76321,24058,25651,30657,,33973,41321,33908,,40118,31633,31535,35632,,42784,39598,44800,,,,44800,45190,48278,58162,65347,61055,,52310,60633,57479,
77321,24155,25781,30755,,34071,41451,34006,,40248,31763,31633,35762,,42979,39793,45027,,,,44962,45352,48441,58357,65509,61250,,52440,60828,57674,
78321,24253,25846,30885,,34201,41614,34136,,40378,31860,31763,35892,,43142,39956,45255,,,,45125,45515,48603,58519,65704,61478,,52602,60990,57869,
79321,24350,25976,30982,,34331,41711,34201,,40476,31990,31860,36022,,43304,40118,45482,,,,45287,45677,48766,58682,65834,61640,,52765,61218,58032,
80321,24448,26073,31080,,34461,41841,34299,,40606,32120,31990,36184,,43467,40281,45710,,,,45450,45840,48929,58844,65997,61803,,52895,61380,58227,
81321,24545,26171,31210,,34559,41971,34396,,40736,32250,32088,36314,,43629,40443,45938,,,,45580,46003,49091,59007,66159,61998,,53025,61543,58389,
82321,24643,26268,31308,,34689,42101,34494,,40866,32348,32218,36444,,43792,40606,46165,,,,45742,46165,49254,59170,66322,62161,,53155,61705,58552,
83321,24708,26333,31405,,34819,42199,34559,,40963,32511,32315,36574,,43922,40768,46360,,,,45905,46328,49384,59300,66452,62323,,53285,61868,58714,
84321,24838,26431,31503,,34916,42329,34689,,41093,32608,32445,36737,,44084,40898,46555,,,,46035,46458,49546,59462,66582,62486,,53415,62030,58844,
85321,24935,26528,31600,,35046,42426,34754,,41191,32738,32576,36867,,44214,41028,46750,,,,46165,46620,49709,59592,66712,62648,,53545,62161,59007,
86321,25000,26626,31698,,35144,42556,34819,,41288,32868,32673,36997,,44345,41191,46945,,,,46263,46783,49806,59722,66842,62778,,53675,62323,59137,
87321,25098,26691,31795,,35241,42654,34884,,41451,32998,32803,37127,,44475,41321,47173,,,,46425,46913,49969,59852,66972,62941,,53773,62453,59267,
88321,25196,26756,31893,,35371,42751,34981,,41549,33128,32901,37290,,44605,41419,47336,,,,46555,47043,50099,59950,67070,63071,,53870,62583,59430,
89321,25261,26854,31958,,35469,42882,35046,,41646,33258,33031,37420,,44735,41549,47531,,,,46653,47173,50229,60112,67200,63201,,54000,62713,59527,
90321,25358,26919,32023,,35567,42947,35111,,41744,33388,33161,37550,,44832,41679,47693,,,,46783,47303,50359,60210,67297,63363,,54098,62843,59657,
101621,26138,27634,32836,,36574,43889,35762,,42816,34786,34526,38948,,45905,42751,49416,,,,47888,48538,51627,61250,68305,64599,,55041,63981,60795,
111621,26659,28122,33323,,37257,44475,36184,,43499,35924,35599,39956,,46555,43467,50522,,,,48571,49351,52440,61900,68890,65379,,55658,64696,61478,
121621,27081,28512,33681,,37745,44930,36509,,44052,36834,36509,40768,,47010,43987,51334,,,,49059,49936,53057,62421,69345,65964,,56048,65217,61965,
131621,27406,28772,34006,,38135,45287,36737,,44475,37550,37257,41419,,47368,44410,51920,,,,49416,50359,53513,62746,69671,66387,,56406,65574,62323,
141621,27699,29032,34234,,38428,45547,36932,,44767,38135,37875,41939,,47628,44670,52375,,,,49709,50717,53838,63006,69898,66745,,56634,65867,62616,
151621,27926,29227,34429,,38655,45742,37095,,45027,38590,38330,42329,,47823,44930,52732,,,,49936,50977,54098,63233,70126,67005,,56796,66029,62811,
161621,28089,29357,34559,,38818,45905,37192,,45190,38948,38720,42654,,47986,45092,52992,,,,50066,51139,54293,63396,70256,67167,,56894,66192,62973,
171621,28219,29487,34689,,38980,46035,37290,,45320,39208,39013,42914,,48116,45255,53220,,,,50196,51302,54455,63493,70386,67330,,56991,66322,63103,
181621,28317,29585,34819,,39110,46133,37355,,45450,39468,39240,43109,,48213,45352,53383,,,,50262,51432,54553,63559,70483,67460,,57056,66419,63201,
191621,28414,29650,34884,,39175,46198,37420,,45515,39630,39435,43272,,48246,45450,53513,,,,50359,51529,54650,63656,70548,67557,,57121,66485,63266,
201621,28512,29747,34949,,39273,46263,37485,,45580,39793,39630,43402,,48343,45515,53610,,,,50424,51594,54716,63689,70581,67655,,57186,66550,63331,
211621,28577,29812,35014,,39338,46328,37485,,45645,39923,39760,43499,,48376,45612,53708,,,,50457,51659,54781,63721,70646,67687,,57219,66582,63363,
221621,28642,29845,35079,,39370,46360,37550,,45677,40021,39858,43597,,48376,45645,53773,,,,50522,51725,54846,63786,70678,67752,,57219,66615,63428,
231621,28707,29910,35111,,39403,46393,37550,,45710,40118,39923,43662,,48408,45677,53838,,,,50522,51757,54878,63786,70711,67817,,57251,66647,63461,
241621,28739,29942,35144,,39468,46425,37582,,45710,40183,40021,43727,,48441,45710,53870,,,,50587,51790,54911,63819,70743,67850,,57251,66680,63493,
251621,28772,29975,35176,,39468,46425,37582,,45775,40248,40053,43792,,48473,45742,53903,,,,50587,51822,54943,63819,70776,67882,,57251,66680,63526,
261621,28804,30007,35209,,39500,46458,37615,,45775,40313,40118,43824,,48473,45775,53935,,,,50587,51855,54943,63851,70776,67915,,57284,66712,63526,
271621,28837,30040,35241,,39500,46458,37615,,45775,40346,40183,43857,,48473,45775,53935,,,,50619,51887,54976,63851,70808,67915,,57284,66712,63526,
281621,28837,30040,35241,,39533,46458,37615,,45808,40378,40216,43889,,48473,45775,53968,,,,50652,51920,54976,63851,70808,67947,,57284,66712,63526,
291621,28869,30072,35274,,39533,46458,37615,,45808,40411,40216,43889,,48473,45808,53968,,,,50652,51920,55008,63884,70808,67947,,57316,66745,63526,
301621,28902,30105,35274,,39533,46458,37615,,45808,40443,40248,43922,,48473,45840,53968,,,,50652,51920,55008,63851,70841,67947,,57284,66745,63559,
311621,28902,30105,35274,,39533,46458,37615,,45808,40443,40281,43954,,48473,45840,53968,,,,50652,51952,55041,63884,70841,67947,,57284,66745,63559,
321621,28902,30105,35306,,39533,46458,37615,,45808,40476,40281,43954,,48473,45840,54000,,,,50684,51952,55041,63884,70808,67980,,57284,66745,63559,
331621,28934,30105,35306,,39565,46425,37615,,45808,40508,40313,43954,,48506,45840,54000,,,,50684,51952,55041,63916,70841,67980,,57284,66745,63591,
341621,28934,30137,35306,,39533,46425,37615,,45840,40508,40313,43987,,48506,45808,54000,,,,50684,51985,55041,63884,70841,67980,,57284,66745,63559,
351621,28934,30137,35306,,39533,46425,37615,,45840,40508,40346,43987,,48473,45840,54000,,,,50684,51985,55041,63884,70841,68013,,57284,66745,63559,
361621,28934,30137,35306,,39533,46425,37582,,45808,40508,40346,43987,,48473,45840,54033,,,,50717,51985,55041,63884,70841,68013,,57284,66745,63559,
371621,28967,30137,35306,,39533,46425,37582,,45808,40508,40346,43987,,48473,45808,54000,,,,50684,52017,55041,63884,70841,68013,,57284,66745,63559,
381621,28967,30137,35339,,39533,46425,37582,,45808,40541,40346,44019,,48473,45808,54000,,,,50684,52017,55041,63884,70808,68013,,57284,66745,63559,
391621,28967,30137,35306,,39533,46425,37582,,45808,40541,40346,43987,,48473,45808,54000,,,,50717,52017,55008,63884,70841,67980,,57284,66745,63559,
401621,28967,30137,35339,,39533,46393,37582,,45808,40508,40346,43987,,48473,45808,54000,,,,50684,52017,55041,63884,70841,68013,,57284,66745,63559,
411621,28967,30137,35339,,39500,46393,37582,,45808,40541,40346,43987,,48473,45808,53968,,,,50717,52017,55041,63884,70841,68013,,57284,66745,63559,
421621,28967,30137,35339,,39500,46393,37582,,45808,40508,40313,43987,,48441,45808,53968,,,,50717,52017,55041,63884,70841,67980,,57284,66745,63559,
431621,28967,30137,35306,,39468,46360,37550,,45775,40508,40313,43987,,48441,45808,53968,,,,50717,52017,55008,63884,70808,67980,,57251,66745,63526,
441621,28934,30137,35306,,39468,46360,37550,,45775,40508,40313,43987,,48441,45775,53968,,,,50717,52017,55008,63884,70808,67980,,57251,66712,63526,
451621,28967,30137,35306,,39468,46360,37550,,45775,40508,40313,43987,,48441,45775,53968,,,,50717,52017,55008,63884,70808,67980,,57251,66712,63526,
461621,28934,30137,35306,,39468,46360,37517,,45775,40508,40313,43954,,48408,45775,53935,,,,50717,52017,55008,63851,70776,67980,,57251,66712,63526,
471621,28934,30137,35306,,39468,46328,37517,,45775,40508,40313,43954,,48441,45775,53935,,,,50717,52017,55008,63851,70808,67980,,57251,66712,63493,
481621,28934,30137,35339,,39435,46328,37517,,45775,40508,40313,43954,,48408,45775,53935,,,,50717,52017,55008,63851,70808,67980,,57251,66712,63526,
491621,28934,30105,35306,,39435,46328,37517,,45775,40476,40281,43954,,48408,45775,53935,,,,50717,52017,55008,63851,70776,67947,,57219,66712,63493,
501621,28934,30105,35306,,39435,46295,37517,,45775,40476,40281,43954,,48408,45775,53903,,,,50717,52017,54976,63819,70776,67947,,57219,66680,63493,
511621,28934,30105,35306,,39403,46295,37517,,45742,40476,40281,43922,,48376,45775,53903,,,,50717,52017,55008,63819,70808,67947,,57219,66680,63493,
521621,28902,30105,35306,,39403,46295,37485,,45742,40443,40248,43922,,48376,45742,53903,,,,50717,52017,55008,63819,70776,67947,,57219,66680,63461,
531621,28934,30105,35306,,39403,46295,37485,,45742,40411,40248,43922,,48376,45742,53870,,,,50717,52017,54976,63819,70776,67947,,57219,66680,63493,
541621,28934,30105,35306,,39403,46263,37452,,45742,40443,40248,43889,,48376,45742,53870,,,,50684,51985,54976,63819,70743,67947,,57219,66680,63461,
551621,28902,30105,35274,,39403,46263,37452,,45710,40411,40216,43889,,48343,45710,53870,,,,50684,52017,54943,63819,70743,67915,,57186,66647,63461,
561621,28902,30105,35274,,39403,46263,37452,,45710,40411,40216,43889,,48376,45710,53838,,,,50717,52017,54976,63786,70743,67947,,57186,66647,63461,
571621,28902,30072,35274,,39370,46230,37452,,45710,40411,40183,43857,,48343,45710,53838,,,,50684,52017,54943,63786,70743,67915,,57219,66647,63428,
581621,28902,30105,35274,,39370,46230,37452,,45677,40378,40183,43824,,48343,45677,53838,,,,50684,51985,54943,63786,70743,67915,,57186,66647,63428,
591621,28902,30072,35274,,39370,46230,37420,,45677,40378,40183,43824,,48343,45677,53838,,,,50684,51985,54943,63786,70711,67915,,57186,66615,63428,
601621,28902,30072,35241,,39305,46198,37420,,45677,40378,40151,43824,,48311,45677,53805,,,,50684,51985,54911,63754,70711,67882,,57186,66615,63428,
611621,28869,30072,35241,,39338,46198,37420,,45645,40346,40151,43792,,48343,45645,53805,,,,50684,51985,54911,63754,70678,67882,,57186,66615,63396,
621621,28902,30040,35241,,39305,46165,37420,,45645,40313,40118,43792,,48311,45645,53805,,,,50684,51985,54911,63754,70711,67882,,57154,66615,63396,
631621,28869,30040,35241,,39305,46198,37420,,45645,40313,40151,43759,,48311,45645,53773,,,,50652,51952,54911,63754,70678,67882,,57154,66582,63396,
641621,28869,30040,35241,,39305,46198,37387,,45645,40313,40118,43759,,48278,45645,53773,,,,50652,51952,54878,63754,70678,67850,,57154,66615,63363,
651621,28869,30040,35241,,39273,46165,37387,,45612,40281,40118,43727,,48278,45645,53740,,,,50652,51952,54878,63754,70678,67850,,57154,66582,63363,
661621,28869,30040,35241,,39273,46165,37355,,45612,40281,40086,43727,,48278,45612,53740,,,,50652,51952,54878,63754,70646,67850,,57121,66582,63363,
671621,28869,30040,35209,,39273,46133,37355,,45612,40248,40053,43694,,48246,45612,53740,,,,50652,51952,54878,63721,70646,67817,,57121,66550,63363,
681621,28837,30040,35209,,39240,46133,37355,,45612,40248,40053,43694,,48246,45580,53708,,,,50652,51920,54846,63721,70646,67817,,57121,66550,63331,
691621,28837,30007,35209,,39240,46100,37355,,45580,40216,40021,43662,,48246,45580,53675,,,,50652,51952,54846,63721,70646,67817,,57121,66517,63331,
701621,28837,30007,35176,,39240,46100,37322,,45580,40216,40021,43662,,48246,45580,53675,,,,50619,51920,54846,63689,70613,67817,,57121,66550,63331,
711621,28837,30007,35176,,39240,46100,37322,,45580,40183,39988,43629,,48213,45547,53643,,,,50619,51920,54846,63721,70613,67785,,57089,66517,63298,
721621,28837,30007,35176,,39208,46100,37322,,45547,40183,39956,43597,,48213,45547,53643,,,,50619,51920,54813,63689,70613,67785,,57089,66517,63298,
731621,28837,30007,35176,,39208,46068,37322,,45547,40151,39956,43597,,48213,45547,53643,,,,50619,51887,54813,63689,70581,67785,,57089,66517,63298,
741621,28804,30007,35176,,39208,46068,37290,,45547,40118,39923,43597,,48213,45547,53610,,,,50619,51887,54813,63689,70581,67785,,57056,66517,63266,
751621,28837,29975,35176,,39175,46068,37290,,45547,40118,39923,43564,,48181,45515,53643,,,,50619,51887,54813,63689,70581,67785,,57056,66485,63266,
761621,28804,29975,35176,,39175,46068,37290,,45515,40086,39923,43564,,48148,45482,53578,,,,50587,51887,54781,63689,70548,67785,,57024,66452,63266,
771621,28804,29975,35176,,39175,46035,37290,,45515,40086,39891,43532,,48148,45482,53578,,,,50587,51887,54781,63689,70548,67752,,57024,66452,63266,
781621,28804,29975,35144,,39175,46035,37290,,45482,40053,39858,43499,,48148,45482,53578,,,,50587,51887,54748,63656,70548,67752,,57024,66419,63266,
791621,28804,29975,35144,,39143,46003,37257,,45482,40021,39858,43499,,48116,45482,53545,,,,50587,51855,54748,63656,70548,67720,,57024,66419,63233,
801621,28772,29975,35144,,39143,46003,37257,,45482,40021,39825,43467,,48116,45450,53545,,,,50587,51855,54748,63656,70548,67720,,56991,66419,63233,
811621,28772,29942,35144,,39143,46003,37225,,45482,40021,39793,43434,,48116,45450,53545,,,,50587,51855,54716,63656,70516,67720,,56991,66387,63201,
821621,28772,29942,35111,,39110,45970,37225,,45450,39988,39793,43434,,48116,45417,53513,,,,50554,51822,54716,63656,70548,67687,,56991,66387,63201,
831621,28772,29942,35111,,39110,45970,37225,,45450,39956,39793,43402,,48083,45417,53513,,,,50554,51822,54683,63624,70483,67687,,56991,66354,63201,
841621,28772,29910,35111,,39078,45970,37225,,45450,39956,39760,43402,,48083,45385,53480,,,,50554,51822,54683,63624,70516,67687,,56991,66354,63168,
851621,28739,29910,35111,,39078,45938,37192,,45417,39923,39728,43369,,48051,45385,53480,,,,50554,51822,54650,63624,70483,67687,,56959,66354,63168,
861621,28772,29910,35111,,39078,45938,37192,,45417,39891,39695,43337,,48051,45385,53448,,,,50554,51790,54650,63624,70483,67655,,56959,66322,63168,
871621,28739,29910,35111,,39078,45938,37192,,45385,39891,39695,43304,,48051,45352,53448,,,,50522,51790,54650,63624,70483,67655,,56959,66322,63136,
881621,28739,29910,35079,,39045,45905,37160,,45385,39858,39663,43272,,48018,45352,53415,,,,50522,51790,54618,63624,70451,67655,,56926,66322,63136,
891621,28739,29910,35079,,39045,45905,37160,,45385,39825,39663,43272,,48018,45320,53383,,,,50522,51757,54650,63624,70451,67622,,56926,66289,63136,
901621,28739,29910,35079,,39045,45905,37160,,45385,39825,39630,43272,,47986,45320,53383,,,,50489,51757,54618,63624,70451,67622,,56894,66289,63103,
911621,28707,29877,35046,,39013,45905,37127,,45352,39793,39598,43239,,47986,45320,53350,,,,50522,51757,54618,63591,70418,67622,,56894,66289,63103,
921621,28707,29877,35046,,39013,45873,37160,,45352,39793,39598,43207,,47986,45287,53350,,,,50489,51757,54585,63591,70418,67590,,56894,66257,63103,
931621,28707,29877,35046,,39013,45873,37127,,45320,39760,39565,43207,,47986,45287,53350,,,,50489,51757,54585,63591,70418,67622,,56861,66257,63071,
941621,28707,29877,35046,,38980,45840,37127,,45320,39728,39565,43174,,47953,45287,53318,,,,50457,51725,54553,63591,70386,67622,,56861,66224,63071,
951621,28674,29845,35046,,38980,45840,37127,,45320,39728,39533,43142,,47921,45255,53318,,,,50457,51725,54553,63559,70386,67590,,56861,66224,63038,
961621,28707,29877,35014,,38948,45808,37095,,45287,39695,39533,43142,,47921,45255,53285,,,,50457,51692,54553,63559,70386,67590,,56861,66192,63038,
971621,28707,29845,35014,,38948,45808,37095,,45287,39663,39468,43109,,47888,45222,53253,,,,50457,51692,54488,63559,70353,67557,,56829,66159,63006,
981621,28674,29845,35014,,38948,45808,37095,,45287,39663,39468,43077,,47888,45222,53253,,,,50457,51692,54488,63526,70386,67557,,56829,66159,63006,
991621,28674,29845,35014,,38948,45775,37062,,45255,39630,39435,43077,,47888,45190,53220,,,,50424,51659,54488,63559,70353,67525,,56796,66159,63006,
1001621,28674,29812,35014,,38948,45775,37062,,45255,39598,39435,43044,,47856,45190,53220,,,,50424,51659,54455,63559,70353,67557,,56796,66127,62973,
1011621,28674,29812,35014,,38915,45775,37062,,45222,39598,39403,43012,,47856,45157,53188,,,,50424,51659,54455,63526,70321,67525,,56764,66127,62973,
1021621,28642,29812,34981,,38915,45742,37030,,45190,39565,39370,42979,,47823,45157,53188,,,,50392,51659,54423,63526,70321,67492,,56764,66094,62973,
1031621,28642,29812,34981,,38915,45775,37030,,45222,39533,39370,42979,,47823,45125,53155,,,,50392,51627,54423,63526,70288,67492,,56764,66062,62941,
1041621,28642,29780,34981,,38883,45742,37030,,45190,39500,39338,42947,,47823,45125,53122,,,,50392,51659,54423,63526,70288,67492,,56764,66062,62941,
1051621,28642,29780,34949,,38883,45742,37030,,45190,39500,39338,42914,,47823,45092,53122,,,,50392,51627,54390,63493,70288,67492,,56764,66029,62908,
1061621,28642,29780,34949,,38883,45710,36997,,45190,39468,39305,42914,,47791,45092,53090,,,,50359,51594,54390,63526,70256,67460,,56699,66029,62908,
1071621,28609,29780,34949,,38850,45710,36997,,45157,39435,39273,42914,,47791,45060,53090,,,,50359,51594,54358,63493,70256,67460,,56699,66029,62908,
1081621,28609,29780,34949,,38850,45710,36997,,45157,39435,39273,42882,,47758,45060,53090,,,,50392,51594,54358,63493,70256,67460,,56699,65997,62876,
1091621,28609,29747,34949,,38818,45677,36997,,45125,39403,39240,42849,,47758,45027,53057,,,,50359,51562,54325,63493,70223,67460,,56666,65964,62876,
1101621,28577,29747,34916,,38818,45677,36965,,45125,39403,39208,42816,,47726,45027,53025,,,,50327,51562,54325,63461,70223,67427,,56666,65964,62843,
1111621,28609,29747,34916,,38818,45645,36965,,45125,39370,39208,42784,,47726,44995,53025,,,,50327,51562,54325,63461,70223,67427,,56666,65932,62811,
1121621,28577,29747,34916,,38818,45645,36965,,45092,39370,39175,42784,,47693,44995,52992,,,,50327,51529,54293,63461,70191,67395,,56666,65932,62843,
1131621,28577,29715,34884,,38785,45645,36932,,45092,39338,39175,42751,,47661,44995,52960,,,,50327,51529,54293,63461,70191,67395,,56634,65932,62811,
1141621,28577,29715,34916,,38785,45612,36932,,45092,39305,39143,42751,,47693,44962,52927,,,,50294,51529,54293,63428,70158,67395,,56634,65867,62811,
1151621,28577,29715,34884,,38753,45612,36932,,45060,39305,39078,42719,,47661,44962,52927,,,,50294,51529,54260,63461,70158,67362,,56601,65867,62778,
1161621,28577,29715,34884,,38753,45612,36932,,45027,39273,39110,42719,,47661,44930,52895,,,,50294,51497,54228,63428,70158,67395,,56569,65867,62746,
1171621,28577,29682,34884,,38720,45580,36899,,45027,39240,39078,42686,,47628,44930,52862,,,,50294,51497,54228,63428,70158,67362,,56569,65834,62746,
1181621,28544,29682,34884,,38720,45580,36899,,44995,39208,39045,42654,,47628,44897,52862,,,,50262,51464,54195,63428,70126,67362,,56536,65834,62713,
1191621,28544,29682,34851,,38720,45580,36867,,44995,39175,39013,42654,,47596,44897,52830,,,,50262,51464,54195,63428,70126,67330,,56536,65802,62713,
1201621,28544,29682,34851,,38720,45547,36867,,44995,39175,39013,42621,,47596,44865,52830,,,,50262,51464,54163,63396,70093,67330,,56536,65769,62713,
1211621,28544,29682,34819,,38688,45547,36867,,44962,39143,38980,42589,,47563,44865,52797,,,,50229,51432,54163,63396,70093,67330,,56536,65769,62681,
1221621,28544,29650,34819,,38688,45515,36867,,44962,39143,38980,42589,,47563,44832,52797,,,,50229,51432,54130,63396,70061,67297,,56504,65769,62648,
1231621,28512,29650,34819,,38688,45515,36867,,44962,39110,38948,42556,,47563,44832,52765,,,,50229,51432,54130,63396,70061,67297,,56504,65737,62648,
1241621,28512,29617,34819,,38655,45515,36834,,44930,39078,38915,42556,,47531,44800,52765,,,,50229,51432,54130,63363,70061,67297,,56504,65704,62616,
1251621,28512,29617,34819,,38655,45515,36834,,44897,39078,38915,42524,,47498,44800,52732,,,,50196,51399,54098,63363,70028,67265,,56471,65704,62616,
1261621,28512,29650,34819,,38655,45482,36802,,44897,39045,38883,42491,,47498,44767,52700,,,,50196,51399,54065,63363,70028,67265,,56471,65672,62616,
1271621,28479,29617,34819,,38655,45482,36802,,44897,39045,38850,42491,,47466,44735,52667,,,,50164,51367,54065,63331,69996,67232,,56439,65672,62583,
1281621,28479,29617,34786,,38623,45450,36802,,44865,39013,38850,42459,,47466,44735,52667,,,,50164,51367,54033,63331,69996,67265,,56439,65639,62551,
1291621,28479,29585,34786,,38590,45450,36802,,44865,39013,38850,42459,,47466,44702,52667,,,,50164,51334,54033,63331,69963,67232,,56406,65639,62551,
1301621,28447,29585,34754,,38590,45450,36769,,44865,38980,38785,42426,,47433,44702,52635,,,,50131,51367,54000,63331,69963,67232,,56406,65607,62518,
1311621,28447,29585,34786,,38590,45417,36769,,44832,38948,38785,42426,,47433,44702,52602,,,,50164,51334,54000,63331,69963,67200,,56406,65574,62486,
1321621,28447,29585,34754,,38558,45417,36769,,44800,38948,38785,42394,,47401,44670,52570,,,,50131,51334,53968,63298,69931,67167,,56406,65574,62486,
1331621,28447,29552,34754,,38558,45417,36737,,44800,38915,38753,42394,,47401,44670,52570,,,,50131,51334,53968,63298,69931,67167,,56374,65542,62486,
1341621,28447,29585,34721,,38558,45385,36737,,44800,38915,38753,42361,,47368,44637,52537,,,,50131,51302,53935,63298,69898,67167,,56374,65509,62486,
1351621,28447,29552,34754,,38525,45352,36737,,44767,38883,38720,42361,,47368,44637,52537,,,,50099,51302,53935,63266,69931,67167,,56341,65509,62421,
1361621,28414,29552,34721,,38525,45352,36704,,44735,38850,38688,42329,,47336,44605,52505,,,,50099,51269,53903,63266,69898,67135,,56309,65477,62421,
1371621,28414,29552,34721,,38493,45352,36704,,44735,38818,38688,42329,,47336,44605,52472,,,,50066,51269,53903,63266,69866,67135,,56309,65477,62388,
1381621,28414,29552,34689,,38493,45352,36704,,44735,38818,38655,42329,,47303,44572,52472,,,,50066,51269,53870,63266,69833,67102,,56309,65477,62388,
1391621,28414,29519,34689,,38493,45352,36704,,44735,38785,38655,42296,,47303,44540,52440,,,,50066,51237,53870,63233,69833,67102,,56276,65412,62356,
1401621,28414,29519,34689,,38460,45320,36672,,44702,38785,38623,42264,,47270,44540,52407,,,,50066,51237,53838,63233,69833,67102,,56276,65412,62356,
1411621,28382,29519,34656,,38460,45320,36672,,44670,38753,38623,42264,,47270,44507,52407,,,,50034,51204,53805,63233,69801,67102,,56244,65379,62323,
1421621,28382,29519,34656,,38428,45287,36672,,44670,38753,38590,42231,,47270,44507,52407,,,,50001,51204,53805,63201,69801,67070,,56244,65379,62291,
1431621,28382,29487,34656,,38428,45287,36639,,44670,38720,38558,42231,,47238,44507,52342,,,,50034,51204,53805,63201,69768,67070,,56244,65347,62291,
1441621,28382,29487,34656,,38428,45287,36639,,44670,38720,38558,42231,,47238,44475,52342,,,,50001,51204,53805,63201,69768,67070,,56244,65347,62291,
1451621,28349,29487,34656,,38428,45255,36607,,44637,38688,38525,42199,,47238,44442,52310,,,,50001,51172,53773,63201,69736,67037,,56179,65314,62226,
1461621,28349,29487,34624,,38395,45255,36607,,44637,38655,38525,42199,,47205,44442,52310,,,,50001,51172,53740,63168,69736,67037,,56179,65282,62226,
1471621,28349,29487,34624,,38395,45222,36607,,44605,38655,38493,42166,,47173,44442,52277,,,,49969,51172,53740,63168,69703,67037,,56179,65282,62193,
1481621,28349,29454,34624,,38362,45222,36574,,44572,38655,38493,42166,,47173,44410,52277,,,,49969,51139,53708,63168,69703,67005,,56146,65249,62193,
1491621,28349,29454,34591,,38362,45222,36574,,44572,38623,38460,42166,,47140,44377,52245,,,,49969,51139,53708,63168,69703,67005,,56179,65249,62161,
1501621,28349,29422,34624,,38330,45222,36574,,44572,38623,38460,42134,,47108,44377,52245,,,,49936,51139,53708,63136,69671,66972,,56146,65217,62161,
1511621,28317,29422,34591,,38330,45190,36574,,44540,38590,38428,42134,,47140,44377,52212,,,,49936,51107,53675,63136,69671,66972,,56113,65217,62128,
1521621,28317,29422,34591,,38330,45190,36542,,44540,38590,38428,42101,,47108,44345,52180,,,,49936,51107,53643,63103,69638,66972,,56113,65184,62128,
1531621,28317,29422,34559,,38330,45157,36542,,44540,38558,38395,42101,,47108,44312,52147,,,,49904,51074,53643,63103,69638,66940,,56081,65152,62096,
1541621,28284,29389,34559,,38297,45157,36542,,44475,38558,38362,42101,,47075,44312,52147,,,,49904,51074,53610,63103,69606,66940,,56081,65152,62063,
1551621,28284,29389,34559,,38297,45157,36509,,44507,38558,38395,42101,,47075,44279,52115,,,,49871,51074,53610,63103,69606,66940,,56048,65119,62063,
1561621,28284,29357,34559,,38265,45125,36509,,44475,38525,38362,42069,,47043,44279,52115,,,,49871,51042,53578,63071,69606,66907,,56048,65119,62030,
1571621,28284,29357,34526,,38265,45125,36509,,44442,38525,38330,42036,,47043,44247,52082,,,,49871,51042,53578,63071,69573,66907,,56016,65087,61998,
1581621,28284,29389,34526,,38265,45092,36477,,44442,38493,38330,42036,,47043,44214,52082,,,,49839,51042,53545,63071,69541,66907,,56048,65054,61998,
1591621,28284,29357,34526,,38265,45092,36477,,44442,38460,38297,42036,,47010,44214,52050,,,,49839,51009,53545,63038,69541,66875,,56016,65054,61965,
1601621,28252,29357,34526,,38232,45060,36477,,44410,38460,38297,42004,,47010,44214,52017,,,,49806,51009,53545,63038,69508,66875,,55983,65022,61965,
1611621,28252,29324,34494,,38232,45060,36444,,44377,38460,38297,42004,,46978,44214,52017,,,,49839,50977,53513,63006,69508,66842,,55983,64989,61933,
1621621,28252,29324,34494,,38232,45060,36444,,44377,38428,38265,42004,,46978,44182,51952,,,,49806,50977,53480,63006,69508,66842,,55983,64989,61933,
1631621,28252,29324,34494,,38200,45027,36444,,44345,38428,38232,42004,,46945,44149,51985,,,,49806,50977,53480,63006,69443,66810,,55951,64956,61900,
1641621,28219,29292,34494,,38200,45060,36412,,44345,38395,38265,41971,,46945,44149,51952,,,,49774,50944,53480,63006,69476,66810,,55951,64956,61868,
1651621,28219,29292,34494,,38167,45027,36412,,44345,38395,38232,41971,,46945,44149,51920,,,,49774,50944,53448,63006,69443,66810,,55918,64924,61868,
1661621,28219,29292,34461,,38167,45027,36412,,44312,38395,38232,41971,,46913,44117,51920,,,,49774,50912,53415,62973,69410,66810,,55918,64891,61868,
1671621,28219,29292,34461,,38167,44995,36412,,44279,38362,38200,41939,,46913,44117,51887,,,,49774,50912,53415,62941,69410,66777,,55886,64891,61835,
1681621,28187,29292,34429,,38135,44995,36379,,44279,38362,38200,41939,,46913,44084,51887,,,,49741,50912,53383,62941,69378,66777,,55886,64891,61803,
1691621,28187,29259,34429,,38102,44962,36379,,44279,38330,38167,41939,,46880,44084,51855,,,,49741,50912,53383,62941,69378,66745,,55886,64859,61803,
1701621,28187,29259,34429,,38102,44962,36347,,44247,38330,38167,41906,,46880,44052,51822,,,,49709,50879,53350,62941,69345,66745,,55853,64826,61770,
1711621,28154,29259,34396,,38102,44962,36347,,44247,38330,38167,41906,,46848,44052,51822,,,,49709,50879,53350,62908,69345,66745,,55853,64794,61738,
1721621,28154,29259,34396,,38070,44930,36347,,44214,38297,38135,41906,,46848,44019,51790,,,,49709,50879,53318,62908,69313,66712,,55853,64794,61738,
1731621,28154,29259,34396,,38070,44930,36314,,44214,38297,38135,41874,,46815,44019,51757,,,,49709,50847,53318,62908,69313,66712,,55821,64761,61705,
1741621,28154,29227,34396,,38070,44930,36314,,44182,38297,38102,41874,,46815,43987,51757,,,,49676,50847,53318,62908,69313,66712,,55821,64761,61673,
1751621,28122,29194,34364,,38037,44897,36314,,44182,38265,38102,41874,,46815,43987,51757,,,,49676,50814,53318,62876,69280,66680,,55788,64729,61673,
1761621,28122,29194,34364,,38037,44865,36282,,44149,38265,38102,41841,,46783,43954,51725,,,,49644,50814,53253,62876,69248,66680,,55788,64729,61640,
1771621,28122,29194,34364,,38037,44865,36282,,44149,38265,38102,41841,,46783,43954,51725,,,,49644,50782,53253,62843,69248,66647,,55788,64696,61640,
1781621,28122,29162,34364,,38005,44865,36249,,44149,38200,38070,41841,,46783,43922,51692,,,,49644,50782,53253,62843,69215,66647,,55756,64664,61608,
1791621,28122,29162,34331,,38005,44865,36249,,44117,38232,38070,41841,,46750,43922,51659,,,,49611,50782,53220,62843,69215,66615,,55756,64664,61608,
1801621,28089,29162,34331,,38005,44832,36249,,44117,38200,38070,41809,,46718,43889,51659,,,,49611,50782,53220,62811,69183,66615,,55723,64664,61575,
1811621,28089,29162,34331,,37972,44800,36217,,44084,38200,38037,41809,,46718,43889,51627,,,,49611,50749,53188,62811,69183,66615,,55723,64631,61543,
1821621,28089,29162,34331,,37972,44800,36217,,44084,38200,38005,41809,,46718,43889,51627,,,,49611,50717,53188,62778,69183,66582,,55691,64631,61510,
1831621,28089,29129,34331,,37972,44800,36217,,44084,38167,38005,41809,,46718,43857,51594,,,,49579,50717,53155,62778,69150,66582,,55691,64599,61510,
1841621,28089,29129,34299,,37940,44800,36217,,44052,38135,38005,41809,,46685,43857,51562,,,,49579,50717,53155,62778,69150,66550,,55658,64566,61478,
1851621,28056,29129,34299,,37940,44767,36184,,44019,38135,38005,41776,,46685,43824,51562,,,,49546,50717,53155,62778,69118,66550,,55691,64534,61478,
1861621,28056,29129,34266,,37907,44735,36152,,44019,38135,38005,41776,,46653,43824,51562,,,,49546,50684,53122,62746,69118,66550,,55658,64534,61413,
1871621,28056,29097,34266,,37875,44735,36184,,44019,38135,37972,41776,,46653,43824,51529,,,,49546,50684,53122,62746,69085,66517,,55626,64534,61413,
1881621,28024,29064,34266,,37875,44735,36152,,43987,38102,37972,41744,,46620,43824,51497,,,,49546,50652,53090,62713,69085,66517,,55626,64501,61380,
1891621,28024,29097,34234,,37875,44735,36152,,43987,38102,37972,41744,,46620,43792,51497,,,,49514,50652,53090,62746,69053,66485,,55626,64469,61380,
1901621,27991,29064,34234,,37875,44702,36119,,43954,38102,37940,41744,,46620,43792,51497,,,,49514,50619,53057,62681,69053,66485,,55593,64436,61380,
1911621,28024,29064,34234,,37842,44670,36119,,43922,38102,37940,41744,,46588,43759,51464,,,,49514,50619,53057,62681,69020,66485,,55593,64436,61348,
1921621,27991,29064,34234,,37842,44702,36119,,43922,38070,37940,41711,,46588,43727,51464,,,,49481,50619,53025,62681,68988,66452,,55561,64371,61315,
1931621,27991,29032,34234,,37842,44670,36087,,43889,38070,37940,41711,,46588,43727,51432,,,,49481,50587,53025,62648,68988,66452,,55561,64371,61283,
1941621,27991,29032,34201,,37810,44670,36087,,43889,38070,37907,41744,,46555,43727,51399,,,,49481,50587,52992,62681,68988,66419,,55528,64404,61283,
1951621,27991,29032,34201,,37810,44637,36087,,43889,38070,37907,41711,,46555,43694,51399,,,,49449,50587,52992,62648,68955,66419,,55528,64339,61250,
1961621,27959,28999,34201,,37777,44637,36054,,43857,38037,37875,41679,,46555,43694,51399,,,,49416,50587,52960,62648,68923,66419,,55528,64339,61218,
1971621,27959,28999,34169,,37777,44637,36054,,43857,38037,37875,41711,,46555,43694,51367,,,,49416,50554,52960,62648,68923,66387,,55528,64306,61218,
1981621,27959,28999,34169,,37777,44605,36054,,43824,38037,37875,41679,,46523,43662,51334,,,,49416,50554,52960,62616,68923,66387,,55496,64306,61185,
1991621,27959,28999,34136,,37745,44572,36022,,43824,38005,37842,41679,,46490,43629,51334,,,,49384,50522,52927,62616,68890,66387,,55496,64274,61185,
2001621,27926,28967,34169,,37745,44572,36022,,43792,38005,37842,41679,,46523,43629,51302,,,,49384,50522,52895,62616,68890,66354,,55496,64241,61153,
Bckg,390,390,390,,390,390,390,,390,390,390,390,,390,390,390,,,,390,390,390,390,390,390,,390,390,390,
Fo,6307,6209,6599,5942,8387,9265,9005,10273,10533,7867,8257,9200,8062,9135,9103,8648,8680,13589,12224,11378,11509,10793,11183,11574,11736,11151,11801,12256,10956,9168
Fj,15963,16288,18011,,23115,26334,23147,,28187,21945,23147,25001,,28284,27601,27081,,,,30983,31958,30040,32088,33974,30853,,34169,33616,31503,
Fi,20514,21067,25196,,29650,35339,27829,,35762,28512,28902,31958,,34754,31340,36867,,,,38233,38785,42069,46458,52798,49221,,43467,48961,46035,
Fm,28577,29747,34949,28614,39175,46068,37225,45776,45450,40151,39956,43629,47108,48116,45450,53643,49611,66387,61251,50327,51627,54651,63526,70451,67623,69183,56926,66355,63201,50782
Fv,22270,23538,28350,,30788,36803,28220,,34917,32284,31699,34429,,38981,36347,44995,,,,38949,40118,43858,52343,58877,55887,,45125,54099,52245,
Vj,0.434,0.428,0.403,,0.478,0.464,0.501,,0.506,0.436,0.47,0.459,,0.491,0.509,0.41,,,,0.503,0.51,0.439,0.399,0.38,0.342,,0.496,0.395,0.393,
Vi,0.638,0.631,0.656,,0.691,0.708,0.667,,0.723,0.639,0.651,0.661,,0.657,0.612,0.627,,,,0.689,0.68,0.713,0.674,0.7,0.671,,0.702,0.678,0.671,
Fm/Fo,4.531,4.791,5.296,,4.671,4.972,4.134,,4.315,5.104,4.839,4.742,,5.267,4.993,6.203,,,,4.423,4.486,5.064,5.681,6.087,5.762,,4.824,5.414,5.769,
Fv/Fo,3.531,3.791,4.296,,3.671,3.972,3.134,,3.315,4.104,3.839,3.742,,4.267,3.993,5.203,,,,3.423,3.486,4.064,4.681,5.087,4.762,,3.824,4.414,4.769,
Fv/Fm,0.779,0.791,0.811,,0.786,0.799,0.758,,0.768,0.804,0.793,0.789,,0.81,0.8,0.839,,,,0.774,0.777,0.803,0.824,0.836,0.826,,0.793,0.815,0.827,
Mo,0.543,0.519,0.482,,0.714,0.739,0.77,,0.857,0.673,0.714,0.737,,0.721,0.737,0.618,,,,0.962,0.93,0.768,0.73,0.674,0.631,,0.931,0.702,0.682,
Area,9762190,9313440,12389875,,12021444,11042927,8949904,,14538100,13942823,12709363,15324056,,14810304,12500572,17777492,,,,17083124,17950120,15786143,19653636,19777712,22157230,,15480125,17903914,19512338,
Fix Area,27686078,28869256,33969320,,38067860,44918704,36326400,,44369236,38608548,38454928,42129464,,46868436,44139644,51882800,,,,49230992,50404832,53358244,62094872,68957200,65983672,,55752488,64868924,61685140,
HACH Area,21379330,22660506,27370586,,29681196,35654076,27321762,,33836660,30741864,30198260,32929832,,37733800,35037008,43235144,,,,37853444,38896292,42565676,50912320,57383668,54248140,,43951960,52613416,50729580,
Sm,438.356,395.677,437.033,,390.459,300.055,317.148,,416.362,431.88,400.939,445.092,,379.936,343.923,395.099,,,,438.602,447.433,359.938,375.478,335.916,396.465,,343.05,330.947,373.478,
Ss,0.799,0.825,0.836,,0.67,0.628,0.651,,0.59,0.648,0.658,0.623,,0.682,0.691,0.662,,,,0.523,0.548,0.571,0.547,0.565,0.542,,0.533,0.563,0.577,
N,548.944,479.884,522.969,,582.719,477.796,487.091,,705.461,666.319,609.298,714.355,,557.375,498.054,596.475,,,,837.964,816.578,629.924,686.763,594.751,730.92,,644.2,588.33,647.674,
Phi_Po,0.779,0.791,0.811,,0.786,0.799,0.758,,0.768,0.804,0.793,0.789,,0.81,0.8,0.839,,,,0.774,0.777,0.803,0.824,0.836,0.826,,0.793,0.815,0.827,
Psi_o,0.566,0.572,0.597,,0.522,0.536,0.499,,0.494,0.564,0.53,0.541,,0.509,0.491,0.59,,,,0.497,0.49,0.561,0.601,0.62,0.658,,0.504,0.605,0.607,
Phi_Eo,0.441,0.452,0.485,,0.41,0.428,0.378,,0.38,0.453,0.421,0.427,,0.412,0.393,0.495,,,,0.384,0.381,0.45,0.495,0.518,0.544,,0.4,0.493,0.502,
Phi_Do,0.221,0.209,0.189,,0.214,0.201,0.242,,0.232,0.196,0.207,0.211,,0.19,0.2,0.161,,,,0.226,0.223,0.197,0.176,0.164,0.174,,0.207,0.185,0.173,
Phi_Pav,919.243,916.479,928.966,,925.349,916.246,918.991,,936.331,909.96,904.622,920.378,,928.18,911.873,916.44,,,,938.669,935.6,926.939,932.931,930.738,931.85,,932.492,925.242,930.986,
Pi_Abs,2.87,3.303,4.322,,2.108,2.304,1.54,,1.47,2.766,2.262,2.169,,2.441,2.128,4.166,,,,1.368,1.428,2.383,3.171,3.91,4.106,,1.642,3.103,3.507,
ABS/RC,1.607,1.533,1.475,,1.899,1.993,2.026,,2.205,1.919,1.916,2.034,,1.811,1.811,1.8,,,,2.469,2.349,2.181,2.22,2.119,2.231,,2.369,2.18,2.098,
TRo/RC,1.252,1.213,1.197,,1.492,1.592,1.536,,1.694,1.543,1.52,1.605,,1.467,1.448,1.51,,,,1.911,1.825,1.75,1.829,1.771,1.844,,1.878,1.778,1.734,
ETo/RC,0.709,0.693,0.715,,0.778,0.854,0.766,,0.838,0.87,0.806,0.868,,0.746,0.711,0.891,,,,0.949,0.895,0.982,1.099,1.097,1.213,,0.947,1.076,1.052,
DIo/RC,0.355,0.32,0.279,,0.407,0.401,0.49,,0.511,0.376,0.396,0.429,,0.344,0.363,0.29,,,,0.558,0.524,0.431,0.391,0.348,0.387,,0.491,0.403,0.364,
FLASH-Wavelength [nm],455,455,455,455,455,455,455,455,455,455,455,455,455,455,455,455,455,455,455,455,455,455,455,455,455,455,455,455,455,455
FLASH-Percent [%],100,100,100,100,100,100,100,100,100,100,100,100,100,100,100,100,100,100,100,100,100,100,100,100,100,100,100,100,100,100
FLASH-Intensity [uE],-NAN,-NAN,-NAN,-NAN,-NAN,-NAN,-NAN,-NAN,-NAN,-NAN,-NAN,-NAN,-NAN,-NAN,-NAN,-NAN,-NAN,-NAN,-NAN,-NAN,-NAN,-NAN,-NAN,-NAN,-NAN,-NAN,-NAN,-NAN,-NAN,-NAN
SUPER-Wavelength [nm],455,455,455,455,455,455,455,455,455,455,455,455,455,455,455,455,455,455,455,455,455,455,455,455,455,455,455,455,455,455
SUPER-Percent [%],100,100,100,100,100,100,100,100,100,100,100,100,100,100,100,100,100,100,100,100,100,100,100,100,100,100,100,100,100,100
SUPER-Intensity [uE],-NAN,-NAN,-NAN,-NAN,-NAN,-NAN,-NAN,-NAN,-NAN,-NAN,-NAN,-NAN,-NAN,-NAN,-NAN,-NAN,-NAN,-NAN,-NAN,-NAN,-NAN,-NAN,-NAN,-NAN,-NAN,-NAN,-NAN,-NAN,-NAN,-NAN
ACTINIC-Wavelength [nm],455,455,455,455,455,455,455,455,455,455,455,455,455,455,455,455,455,455,455,455,455,455,455,455,455,455,455,455,455,455
ACTINIC-Percent [%],20,20,20,20,20,20,20,20,20,20,20,20,20,20,20,20,20,20,20,20,20,20,20,20,20,20,20,20,20,20
ACTINIC-Intensity [uE],200,200,200,200,200,200,200,200,200,200,200,200,200,200,200,200,200,200,200,200,200,200,200,200,200,200,200,200,200,200
description,,,,,,,,,,,,,,,,,,,,,,,,,,,,,,
1,,,,5942,,,,10273,,,,,8062,,,,8680,13589,12224,,,,,,,11151,,,,9168
207601,,,,6201,,,,10533,,,,,8225,,,,8908,14077,12614,,,,,,,11444,,,,9395
415201,,,,6062,,,,10728,,,,,8387,,,,9070,14500,12907,,,,,,,11671,,,,9590
622801,,,,6122,,,,10891,,,,,8518,,,,9200,14792,13134,,,,,,,11834,,,,9753
1422801,,,,28614,,,,45776,,,,,47108,,,,49611,66387,61251,,,,,,,69183,,,,50782
2443101,,,,14955,,,,22757,,,,,20254,,,,22562,29617,27797,,,,,,,26171,,,,20515
3450701,,,,13489,,,,20417,,,,,18173,,,,20514,21912,21100,,,,,,,18986,,,,15638
4458301,,,,12403,,,,18661,,,,,17003,,,,19409,19019,17881,,,,,,,15767,,,,13232
5465901,,,,11406,,,,17133,,,,,16158,,,,18596,17783,16418,,,,,,,14532,,,,12126
6473501,,,,10528,,,,15898,,,,,15443,,,,17881,17133,15670,,,,,,,13980,,,,11606
7481101,,,,9840,,,,14955,,,,,14890,,,,17230,16743,15247,,,,,,,13719,,,,11249
8488701,,,,9252,,,,14174,,,,,14402,,,,16678,16483,14987,,,,,,,13524,,,,11086
9496301,,,,8814,,,,13622,,,,,13979,,,,16190,16320,14728,,,,,,,13427,,,,10956
10503901,,,,8425,,,,13167,,,,,13589,,,,15702,16158,14598,,,,,,,13329,,,,10858
11511501,,,,8126,,,,12776,,,,,13264,,,,15280,16060,14500,,,,,,,13264,,,,10793
12519101,,,,20788,,,,37907,,,,,30137,,,,39761,61120,54618,,,,,,,61380,,,,43597
13526701,,,,20050,,,,37387,,,,,27244,,,,36737,60308,53383,,,,,,,60665,,,,41906
14534301,,,,18106,,,,35046,,,,,26821,,,,33161,57772,50099,,,,,,,57772,,,,38071
15541901,,,,16361,,,,32284,,,,,28057,,,,31925,54651,46653,,,,,,,54294,,,,35014
16549501,,,,15115,,,,30007,,,,,29975,,,,32413,52147,44410,,,,,,,51660,,,,33486
17557101,,,,14277,,,,28284,,,,,31470,,,,33746,50490,43077,,,,,,,50002,,,,32998
18564701,,,,13719,,,,27081,,,,,32186,,,,35242,49546,42361,,,,,,,49156,,,,33291
19364701,,,,24905,,,,41874,,,,,42687,,,,46556,62778,57610,,,,,,,65867,,,,48311
20385001,,,,14237,,,,25553,,,,,32381,,,,36965,48409,42231,,,,,,,48734,,,,35307
21392601,,,,13250,,,,25066,,,,,31048,,,,36412,47823,41711,,,,,,,48311,,,,35437
22400201,,,,12742,,,,25066,,,,,29975,,,,35892,47531,41679,,,,,,,48278,,,,35729
23407801,,,,12443,,,,25196,,,,,29129,,,,35372,47206,41614,,,,,,,48278,,,,35924
24415401,,,,12233,,,,25456,,,,,28317,,,,34916,46815,41419,,,,,,,48148,,,,36022
25423001,,,,12064,,,,25586,,,,,27536,,,,34364,46198,41029,,,,,,,47921,,,,36022
26430601,,,,11914,,,,25716,,,,,26724,,,,33876,45483,40508,,,,,,,47563,,,,35957
27438201,,,,11775,,,,25651,,,,,25911,,,,33323,44637,39826,,,,,,,47141,,,,35859
28445801,,,,11605,,,,25521,,,,,25066,,,,32738,43727,39013,,,,,,,46653,,,,35697
29453401,,,,11456,,,,25261,,,,,24285,,,,32089,42784,38103,,,,,,,46100,,,,35502
30461001,,,,11296,,,,25033,,,,,23505,,,,31470,41809,37225,,,,,,,45515,,,,35242
31261001,,,,18185,,,,33909,,,,,32738,,,,39468,50879,46978,,,,,,,55984,,,,43240
32281301,,,,11884,,,,24806,,,,,22335,,,,29552,39696,35307,,,,,,,43987,,,,34461
33288901,,,,11256,,,,24090,,,,,21522,,,,28804,38298,33941,,,,,,,42915,,,,33909
34296501,,,,10867,,,,23538,,,,,20937,,,,28024,37192,32901,,,,,,,42069,,,,33453
35304101,,,,10618,,,,23050,,,,,20352,,,,27277,36217,32055,,,,,,,41354,,,,33096
36311701,,,,10419,,,,22595,,,,,19864,,,,26659,35307,31308,,,,,,,40606,,,,32706
37319301,,,,10279,,,,22205,,,,,19409,,,,26008,34494,30658,,,,,,,39956,,,,32381
38326901,,,,10169,,,,21815,,,,,18954,,,,25358,33746,30072,,,,,,,39273,,,,31990
39334501,,,,10070,,,,21457,,,,,18596,,,,24773,33063,29552,,,,,,,38623,,,,31600
40342101,,,,9980,,,,21067,,,,,18238,,,,24188,32413,29097,,,,,,,37940,,,,31178
41349701,,,,9910,,,,20709,,,,,17881,,,,23668,31795,28707,,,,,,,37258,,,,30755
42357301,,,,9840,,,,20384,,,,,17621,,,,23115,31243,28349,,,,,,,36640,,,,30300
43157301,,,,15842,,,,27797,,,,,26724,,,,32478,41711,40378,,,,,,,47531,,,,38655
44177601,,,,10339,,,,20254,,,,,17426,,,,22172,30300,27959,,,,,,,35339,,,,29292
45185201,,,,9890,,,,19669,,,,,17068,,,,21554,29618,27471,,,,,,,34429,,,,28609
46192801,,,,9641,,,,19246,,,,,16840,,,,21067,29195,27179,,,,,,,33714,,,,28089
47200401,,,,9501,,,,18889,,,,,16678,,,,20677,28804,26951,,,,,,,33063,,,,27601
48208001,,,,9412,,,,18563,,,,,16515,,,,20319,28512,26821,,,,,,,32511,,,,27114
49215601,,,,9362,,,,18271,,,,,16353,,,,19961,28252,26724,,,,,,,31926,,,,26724
50223201,,,,9322,,,,18011,,,,,16223,,,,19636,28024,26659,,,,,,,31503,,,,26269
51230801,,,,9302,,,,17783,,,,,16125,,,,19376,27862,26626,,,,,,,31015,,,,25846
52238401,,,,9282,,,,17523,,,,,16028,,,,19084,27699,26594,,,,,,,30592,,,,25456
53246001,,,,9272,,,,17361,,,,,15930,,,,18856,27569,26594,,,,,,,30170,,,,25066
54253601,,,,9252,,,,17133,,,,,15865,,,,18628,27439,26594,,,,,,,29780,,,,24675
55053601,,,,15085,,,,24220,,,,,25456,,,,28414,39078,39501,,,,,,,42101,,,,34267
56073901,,,,9641,,,,17198,,,,,15995,,,,18336,26984,26334,,,,,,,28934,,,,23798
57081501,,,,9232,,,,16775,,,,,15832,,,,18076,27016,26496,,,,,,,28544,,,,23408
58089101,,,,9053,,,,16483,,,,,15800,,,,17946,27016,26594,,,,,,,28284,,,,23115
59096701,,,,8973,,,,16255,,,,,15832,,,,17881,27016,26626,,,,,,,28024,,,,22822
60104301,,,,8953,,,,16060,,,,,15832,,,,17848,27049,26691,,,,,,,27797,,,,22530
61111901,,,,8953,,,,15898,,,,,15832,,,,17783,27049,26724,,,,,,,27601,,,,22238
62119501,,,,8933,,,,15703,,,,,15832,,,,17718,27081,26821,,,,,,,27439,,,,22010
63127101,,,,8953,,,,15605,,,,,15800,,,,17653,27082,26886,,,,,,,27276,,,,21750
64134701,,,,8943,,,,15475,,,,,15832,,,,17588,27146,26984,,,,,,,27146,,,,21554
65142301,,,,8953,,,,15345,,,,,15832,,,,17556,27211,27081,,,,,,,27016,,,,21327
66149901,,,,8953,,,,15247,,,,,15832,,,,17459,27244,27146,,,,,,,26919,,,,21132
66949901,,,,15025,,,,22368,,,,,26138,,,,27862,40476,41192,,,,,,,39989,,,,31341
67970201,,,,9302,,,,15475,,,,,15995,,,,17458,26854,26789,,,,,,,26367,,,,20221
68977801,,,,8913,,,,15085,,,,,15930,,,,17328,27146,27146,,,,,,,26464,,,,20286
69985401,,,,8734,,,,14890,,,,,15963,,,,17361,27406,27439,,,,,,,26594,,,,20352
70993001,,,,8684,,,,14727,,,,,16060,,,,17458,27569,27601,,,,,,,26659,,,,20384
73000601,,,,7158,,,,10761,,,,,11606,,,,12484,16255,16515,,,,,,,14630,,,,12321
74008201,,,,7029,,,,10923,,,,,11346,,,,12159,15410,15150,,,,,,,13459,,,,11801
75015801,,,,6959,,,,11053,,,,,11346,,,,12094,15117,14565,,,,,,,12939,,,,11444
76023401,,,,6909,,,,11151,,,,,11411,,,,12094,14955,14272,,,,,,,12646,,,,11183
77031001,,,,6859,,,,11216,,,,,11509,,,,12127,14890,14077,,,,,,,12516,,,,10923
78038601,,,,6849,,,,11281,,,,,11606,,,,12256,14890,13979,,,,,,,12451,,,,10729
79046201,,,,6849,,,,11346,,,,,11704,,,,12386,14890,13947,,,,,,,12451,,,,10663
80053801,,,,6849,,,,11411,,,,,11834,,,,12516,14922,13882,,,,,,,12451,,,,10566
81061401,,,,6859,,,,11476,,,,,11899,,,,12614,14987,13914,,,,,,,12484,,,,10501
82069001,,,,6869,,,,11509,,,,,12029,,,,12744,15052,13882,,,,,,,12516,,,,10468
83076601,,,,6889,,,,11574,,,,,12191,,,,12841,15085,13914,,,,,,,12581,,,,10468
83876601,,,,19771,,,,27244,,,,,31113,,,,32674,51335,49286,,,,,,,48994,,,,35957
84896901,,,,11655,,,,16840,,,,,13199,,,,14304,20352,19766,,,,,,,17718,,,,13784
85904501,,,,10668,,,,15898,,,,,13297,,,,14109,17751,17198,,,,,,,15410,,,,12711
86912101,,,,10120,,,,15377,,,,,13329,,,,14077,16840,16060,,,,,,,14402,,,,12094
87919701,,,,9721,,,,14987,,,,,13394,,,,14109,16385,15410,,,,,,,13882,,,,11671
88927301,,,,9412,,,,14695,,,,,13394,,,,14142,16125,15020,,,,,,,13589,,,,11411
89934901,,,,9143,,,,14467,,,,,13427,,,,14174,15963,14760,,,,,,,13394,,,,11183
90942501,,,,8913,,,,14239,,,,,13395,,,,14207,15865,14565,,,,,,,13297,,,,11053
91950101,,,,8714,,,,13980,,,,,13427,,,,14239,15800,14435,,,,,,,13167,,,,10923
92957701,,,,8544,,,,13849,,,,,13395,,,,14239,15735,14304,,,,,,,13167,,,,10858
93965301,,,,8395,,,,13654,,,,,13427,,,,14239,15702,14239,,,,,,,13134,,,,10761
94972901,,,,8255,,,,13492,,,,,13427,,,,14239,15702,14174,,,,,,,13102,,,,10728
95980501,,,,8146,,,,13362,,,,,13362,,,,14239,15670,14109,,,,,,,13069,,,,10696
96988101,,,,8036,,,,13200,,,,,13329,,,,14175,15637,14077,,,,,,,13069,,,,10663
97995701,,,,7946,,,,13134,,,,,13297,,,,14174,15637,14044,,,,,,,13069,,,,10631
99003301,,,,7866,,,,13037,,,,,13232,,,,14142,15637,14012,,,,,,,13005,,,,10631
100010901,,,,7787,,,,12907,,,,,13167,,,,14077,15605,13979,,,,,,,13037,,,,10631
101018501,,,,7727,,,,12841,,,,,13134,,,,14044,15605,13947,,,,,,,13037,,,,10598
102026101,,,,7657,,,,12744,,,,,13069,,,,13979,15605,13882,,,,,,,13037,,,,10598
103033701,,,,7607,,,,12711,,,,,12972,,,,13914,15605,13882,,,,,,,13037,,,,10566
104041301,,,,7557,,,,12646,,,,,12907,,,,13817,15572,13882,,,,,,,13004,,,,10566
105048901,,,,7497,,,,12581,,,,,12841,,,,13784,15572,13882,,,,,,,13004,,,,10566
106056501,,,,7468,,,,12549,,,,,12776,,,,13752,15572,13849,,,,,,,13004,,,,10533
107064101,,,,7418,,,,12484,,,,,12647,,,,13654,15572,13849,,,,,,,13004,,,,10533
108071701,,,,7378,,,,12451,,,,,12614,,,,13589,15540,13817,,,,,,,13004,,,,10533
109079301,,,,7358,,,,12419,,,,,12549,,,,13524,15540,13817,,,,,,,13004,,,,10533
109879301,,,,24377,,,,37485,,,,,37290,,,,39501,58064,52635,,,,,,,58194,,,,42426
110899601,,,,13021,,,,20124,,,,,12841,,,,14825,20872,19344,,,,,,,18206,,,,14565
111907201,,,,11605,,,,18336,,,,,12776,,,,14337,18011,16743,,,,,,,15735,,,,12939
112914801,,,,10738,,,,17230,,,,,12809,,,,14142,17003,15702,,,,,,,14760,,,,12224
113922401,,,,10080,,,,16418,,,,,12841,,,,14077,16515,15150,,,,,,,14272,,,,11834
114930001,,,,9591,,,,15767,,,,,12841,,,,14044,16223,14825,,,,,,,13979,,,,11541
115937601,,,,9212,,,,15215,,,,,12842,,,,13980,16028,14565,,,,,,,13752,,,,11378
116945201,,,,8883,,,,14825,,,,,12874,,,,14012,15898,14402,,,,,,,13590,,,,11216
117952801,,,,8624,,,,14403,,,,,12841,,,,13947,15800,14272,,,,,,,13492,,,,11086
118960401,,,,8425,,,,14142,,,,,12809,,,,13914,15702,14142,,,,,,,13394,,,,10956
119968001,,,,8235,,,,13882,,,,,12744,,,,13849,15637,14077,,,,,,,13329,,,,10891
120975601,,,,8086,,,,13654,,,,,12711,,,,13784,15605,14012,,,,,,,13232,,,,10826
121983201,,,,7946,,,,13459,,,,,12614,,,,13719,15572,13947,,,,,,,13232,,,,10761
122990801,,,,7817,,,,13297,,,,,12581,,,,13654,15507,13882,,,,,,,13167,,,,10728
123998401,,,,7727,,,,13167,,,,,12516,,,,13589,15475,13817,,,,,,,13134,,,,10663
125006001,,,,7637,,,,13037,,,,,12484,,,,13524,15442,13784,,,,,,,13102,,,,10631
126013601,,,,7547,,,,12875,,,,,12386,,,,13427,15410,13752,,,,,,,13069,,,,10598
127021201,,,,7488,,,,12809,,,,,12289,,,,13362,15410,13719,,,,,,,13005,,,,10566
128028801,,,,7428,,,,12711,,,,,12256,,,,13297,15377,13687,,,,,,,13037,,,,10501
129036401,,,,7368,,,,12646,,,,,12159,,,,13199,15377,13687,,,,,,,13004,,,,10533
130044001,,,,7318,,,,12549,,,,,12062,,,,13102,15345,13654,,,,,,,13004,,,,10501
131051601,,,,7258,,,,12516,,,,,12029,,,,13069,15312,13654,,,,,,,12940,,,,10501
132059201,,,,7208,,,,12484,,,,,11899,,,,12972,15312,13622,,,,,,,12972,,,,10501
133066801,,,,7168,,,,12419,,,,,11866,,,,12907,15312,13589,,,,,,,12939,,,,10501
134074401,,,,7149,,,,12386,,,,,11769,,,,12841,15280,13589,,,,,,,12939,,,,10436
135082001,,,,7109,,,,12321,,,,,11704,,,,12776,15280,13589,,,,,,,12939,,,,10468
135882001,,,,24875,,,,40313,,,,,37940,,,,40411,58195,52473,,,,,,,58780,,,,42785
136902301,,,,12792,,,,21002,,,,,12126,,,,14760,20904,18856,,,,,,,18141,,,,14402
137909901,,,,11316,,,,18889,,,,,11866,,,,13980,17881,16353,,,,,,,15637,,,,12614
138917501,,,,10369,,,,17556,,,,,11769,,,,13687,16808,15313,,,,,,,14662,,,,11964
139925101,,,,9711,,,,16580,,,,,11769,,,,13460,16320,14825,,,,,,,14207,,,,11574
140932701,,,,9202,,,,15800,,,,,11736,,,,13394,15995,14532,,,,,,,13914,,,,11346
141940301,,,,8833,,,,15215,,,,,11736,,,,13265,15832,14304,,,,,,,13719,,,,11151
142947901,,,,8514,,,,14695,,,,,11736,,,,13264,15670,14142,,,,,,,13589,,,,11021
143955501,,,,8285,,,,14337,,,,,11736,,,,13199,15572,14044,,,,,,,13459,,,,10923
144963101,,,,8086,,,,13947,,,,,11736,,,,13167,15507,13914,,,,,,,13362,,,,10826
145970701,,,,7916,,,,13719,,,,,11736,,,,13102,15442,13849,,,,,,,13297,,,,10761
146978301,,,,7777,,,,13492,,,,,11704,,,,13037,15377,13784,,,,,,,13232,,,,10696
147985901,,,,7647,,,,13265,,,,,11704,,,,13004,15313,13719,,,,,,,13167,,,,10631
148993501,,,,7547,,,,13134,,,,,11671,,,,12939,15312,13687,,,,,,,13102,,,,10598
150001101,,,,7458,,,,12972,,,,,11639,,,,12874,15280,13622,,,,,,,13069,,,,10534
151008701,,,,7368,,,,12841,,,,,11606,,,,12841,15215,13589,,,,,,,13005,,,,10533
152016301,,,,7298,,,,12744,,,,,11574,,,,12776,15215,13557,,,,,,,13004,,,,10501
153023901,,,,7238,,,,12614,,,,,11541,,,,12711,15182,13524,,,,,,,12972,,,,10468
154031501,,,,7188,,,,12549,,,,,11476,,,,12614,15150,13492,,,,,,,12907,,,,10468
155039101,,,,7139,,,,12516,,,,,11444,,,,12581,15118,13492,,,,,,,12907,,,,10436
156046701,,,,7079,,,,12387,,,,,11378,,,,12549,15117,13459,,,,,,,12907,,,,10403
157054301,,,,7039,,,,12322,,,,,11346,,,,12484,15117,13459,,,,,,,12874,,,,10403
158061901,,,,6999,,,,12321,,,,,11313,,,,12419,15085,13427,,,,,,,12874,,,,10371
159069501,,,,6969,,,,12256,,,,,11248,,,,12354,15085,13394,,,,,,,12841,,,,10371
160077101,,,,6949,,,,12192,,,,,11183,,,,12289,15052,13394,,,,,,,12841,,,,10371
161084701,,,,6899,,,,12191,,,,,11151,,,,12224,15020,13394,,,,,,,12809,,,,10339
Fp,,,,20788,,,,37907,,,,,30137,,,,39761,61120,54618,,,,,,,61380,,,,43597
Fm_L1,,,,24905,,,,41874,,,,,42687,,,,46556,62778,57610,,,,,,,65867,,,,48311
Fm_L2,,,,18185,,,,33909,,,,,32738,,,,39468,50879,46978,,,,,,,55984,,,,43240
Fm_L3,,,,15842,,,,27797,,,,,26724,,,,32478,41711,40378,,,,,,,47531,,,,38655
Fm_L4,,,,15085,,,,24220,,,,,25456,,,,28414,39078,39501,,,,,,,42101,,,,34267
Fm_Lss,,,,15025,,,,22368,,,,,26138,,,,27862,40476,41192,,,,,,,39989,,,,31341
NPQ_L1,,,,0.15,,,,0.09,,,,,0.1,,,,0.07,0.06,0.06,,,,,,,0.05,,,,0.05
NPQ_L2,,,,0.57,,,,0.35,,,,,0.44,,,,0.26,0.3,0.3,,,,,,,0.24,,,,0.17
NPQ_L3,,,,0.81,,,,0.65,,,,,0.76,,,,0.53,0.59,0.52,,,,,,,0.46,,,,0.31
NPQ_L4,,,,0.9,,,,0.89,,,,,0.85,,,,0.75,0.7,0.55,,,,,,,0.64,,,,0.48
NPQ_Lss,,,,0.9,,,,1.05,,,,,0.8,,,,0.78,0.64,0.49,,,,,,,0.73,,,,0.62
Qp_L1,,,,0.58,,,,0.47,,,,,0.3,,,,0.3,0.27,0.33,,,,,,,0.3,,,,0.38
Qp_L2,,,,0.54,,,,0.36,,,,,0.37,,,,0.26,0.24,0.28,,,,,,,0.23,,,,0.23
Qp_L3,,,,0.56,,,,0.39,,,,,0.46,,,,0.38,0.35,0.41,,,,,,,0.29,,,,0.28
Qp_L4,,,,0.58,,,,0.45,,,,,0.52,,,,0.47,0.43,0.45,,,,,,,0.39,,,,0.37
Qp_Lss,,,,0.77,,,,0.61,,,,,0.71,,,,0.68,0.55,0.57,,,,,,,0.52,,,,0.54
Rfd,,,,1.32,,,,1.49,,,,,0.9,,,,1.28,1.24,1.01,,,,,,,1.28,,,,1.06
Fm_D1,,,,19771,,,,27244,,,,,31113,,,,32674,51335,49286,,,,,,,48994,,,,35957
Fm_D2,,,,24377,,,,37485,,,,,37290,,,,39501,58064,52635,,,,,,,58194,,,,42426
Fm_D3,,,,24875,,,,40313,,,,,37940,,,,40411,58195,52473,,,,,,,58780,,,,42785
NPQ_D1,,,,0.45,,,,0.68,,,,,0.51,,,,0.52,0.29,0.24,,,,,,,0.41,,,,0.41
NPQ_D2,,,,0.17,,,,0.22,,,,,0.26,,,,0.26,0.14,0.16,,,,,,,0.19,,,,0.2
NPQ_D3,,,,0.15,,,,0.14,,,,,0.24,,,,0.23,0.14,0.17,,,,,,,0.18,,,,0.19
Qp_D1,,,,0.9,,,,0.85,,,,,0.8,,,,0.8,0.94,0.94,,,,,,,0.94,,,,0.93
Qp_D2,,,,0.91,,,,0.9,,,,,0.84,,,,0.83,0.95,0.95,,,,,,,0.95,,,,0.95
Qp_D3,,,,0.93,,,,0.92,,,,,0.87,,,,0.86,0.95,0.96,,,,,,,0.96,,,,0.95
QY_max,,,,0.79,,,,0.78,,,,,0.83,,,,0.83,0.8,0.8,,,,,,,0.84,,,,0.82
QY_L1,,,,0.45,,,,0.35,,,,,0.25,,,,0.24,0.21,0.26,,,,,,,0.25,,,,0.31
QY_L2,,,,0.38,,,,0.26,,,,,0.28,,,,0.2,0.18,0.21,,,,,,,0.19,,,,0.18
QY_L3,,,,0.38,,,,0.27,,,,,0.34,,,,0.29,0.25,0.3,,,,,,,0.23,,,,0.22
QY_L4,,,,0.39,,,,0.29,,,,,0.38,,,,0.34,0.3,0.33,,,,,,,0.29,,,,0.28
QY_Lss,,,,0.4,,,,0.32,,,,,0.39,,,,0.37,0.33,0.34,,,,,,,0.33,,,,0.33
QY_D1,,,,0.65,,,,0.58,,,,,0.61,,,,0.61,0.71,0.72,,,,,,,0.74,,,,0.71
QY_D2,,,,0.7,,,,0.67,,,,,0.66,,,,0.66,0.73,0.74,,,,,,,0.78,,,,0.75
QY_D3,,,,0.71,,,,0.69,,,,,0.69,,,,0.68,0.74,0.74,,,,,,,0.78,,,,0.76
